u8 step_num01=51;	
fp32 CDPM_Motor_Plan01[4][51]=
{{0.0000,-0.0223,-0.1728,-0.5651,-1.2978,-2.4541,-4.1034,-6.3011,-9.0894,-12.4979,-16.5442,-21.2347,-26.5651,-32.5212,-39.0799,-46.2099,-53.8723,-62.0220,-70.6081,-79.5751,-88.8636,-98.4114,-108.1539,-118.0257,-127.9606,-137.8930,-147.7580,-157.4927,-167.0366,-176.3317,-185.3239,-193.9625,-202.2016,-209.9994,-217.3196,-224.1308,-230.4074,-236.1296,-241.2837,-245.8623,-249.8651,-253.2985,-256.1767,-258.5217,-260.3640,-261.7431,-262.7083,-263.3191,-263.6459,-263.7712,-263.7898},
{0.0000,-0.0223,-0.1727,-0.5648,-1.2971,-2.4528,-4.1012,-6.2977,-9.0845,-12.4911,-16.5353,-21.2233,-26.5507,-32.5036,-39.0588,-46.1849,-53.8431,-61.9883,-70.5697,-79.5317,-88.8150,-98.3574,-108.0945,-117.9607,-127.8900,-137.8166,-147.6760,-157.4051,-166.9434,-176.2332,-185.2201,-193.8537,-202.0879,-209.8811,-217.1969,-224.0041,-230.2769,-235.9957,-241.1466,-245.7225,-249.7229,-253.1542,-256.0307,-258.3742,-260.2154,-261.5937,-262.5583,-263.1687,-263.4953,-263.6206,-263.6391},
{0.0000,-0.0223,-0.1727,-0.5649,-1.2972,-2.4530,-4.1015,-6.2981,-9.0851,-12.4920,-16.5364,-21.2247,-26.5525,-32.5058,-39.0614,-46.1880,-53.8467,-61.9925,-70.5744,-79.5371,-88.8210,-98.3641,-108.1019,-117.9687,-127.8987,-137.8261,-147.6861,-157.4160,-166.9550,-176.2454,-185.2329,-193.8671,-202.1019,-209.8957,-217.2121,-224.0198,-230.2931,-236.0122,-241.1636,-245.7398,-249.7405,-253.1721,-256.0487,-258.3925,-260.2338,-261.6122,-262.5768,-263.1872,-263.5139,-263.6392,-263.6577},
{0.0000,-0.0223,-0.1728,-0.5652,-1.2979,-2.4543,-4.1037,-6.3015,-9.0900,-12.4987,-16.5453,-21.2361,-26.5668,-32.5234,-39.0825,-46.2130,-53.8759,-62.0262,-70.6129,-79.5805,-88.8697,-98.4181,-108.1613,-118.0338,-127.9694,-137.9024,-147.7682,-157.5036,-167.0481,-176.3440,-185.3368,-193.9761,-202.2157,-210.0141,-217.3348,-224.1466,-230.4237,-236.1463,-241.3007,-245.8797,-249.8828,-253.3165,-256.1949,-258.5400,-260.3825,-261.7617,-262.7269,-263.3377,-263.6646,-263.7900,-263.8085}
};
fp32 t_plan01[51]=
{0.0,0.1,0.2,0.3,0.4,0.5,0.6,0.7,0.8,0.9,1.0,1.1,1.2,1.3,1.4,1.5,1.6,1.7,1.8,1.9,2.0,2.1,2.2,2.3,2.4,2.5,2.6,2.7,2.8,2.9,3.0,3.1,3.2,3.3,3.4,3.5,3.6,3.7,3.8,3.9,4.0,4.1,4.2,4.3,4.4,4.5,4.6,4.7,4.8,4.9,5.0
};

u8 step_num02=81;	
fp32 CDPM_Motor_Plan02[4][81]=
{{-263.7898,-263.8597,-264.1805,-264.7464,-265.7499,-267.3304,-269.6060,-272.6819,-276.6519,-281.5985,-287.5934,-294.6977,-302.9620,-312.4271,-323.1238,-335.0737,-348.2890,-362.7730,-378.5206,-395.5187,-413.7461,-433.1742,-453.7676,-475.4839,-498.2747,-522.0858,-546.8573,-572.5245,-599.0184,-626.2657,-654.1896,-682.7101,-711.7447,-741.2089,-771.0163,-801.0796,-831.3110,-861.6223,-891.9260,-922.1354,-952.1654,-981.9326,-1011.3561,-1040.3578,-1068.8631,-1096.8007,-1124.1036,-1150.7090,-1176.5590,-1201.6003,-1225.7849,-1249.0699,-1271.4179,-1292.7966,-1313.1794,-1332.5448,-1350.8767,-1368.1640,-1384.4007,-1399.5853,-1413.7213,-1426.8164,-1438.8823,-1449.9350,-1459.9943,-1469.0835,-1477.2297,-1484.4635,-1490.8193,-1496.3347,-1501.0516,-1505.0156,-1508.2766,-1510.8892,-1512.9130,-1514.4128,-1515.4595,-1516.1302,-1516.5087,-1516.6865,-1516.7623},
{-263.6391,-263.6322,-263.6883,-263.9007,-264.2600,-264.8134,-265.6007,-266.6561,-268.0088,-269.6830,-271.6976,-274.0665,-276.7979,-279.8949,-283.3554,-287.1719,-291.3318,-295.8177,-300.6075,-305.6746,-310.9883,-316.5143,-322.2149,-328.0494,-333.9750,-339.9468,-345.9187,-351.8438,-357.6748,-363.3651,-368.8689,-374.1417,-379.1415,-383.8286,-388.1665,-392.1222,-395.6667,-398.7754,-401.4282,-403.6101,-405.3110,-406.5258,-407.2548,-407.5034,-407.2818,-406.6051,-405.4931,-403.9696,-402.0622,-399.8021,-397.2234,-394.3625,-391.2579,-387.9494,-384.4780,-380.8845,-377.2101,-373.4949,-369.7782,-366.0974,-362.4882,-358.9836,-355.6142,-352.4072,-349.3866,-346.5729,-343.9827,-341.6288,-339.5199,-337.6606,-336.0513,-334.6883,-333.5638,-332.6661,-331.9795,-331.4845,-331.1580,-330.9736,-330.9014,-330.9084,-330.9586},
{-263.6577,-263.5881,-263.2673,-262.7011,-261.6970,-260.1151,-257.8364,-254.7543,-250.7727,-245.8060,-239.7781,-232.6227,-224.2822,-214.7076,-203.8586,-191.7025,-178.2147,-163.3777,-147.1815,-129.6230,-110.7056,-90.4394,-68.8409,-45.9326,-21.7426,3.6948,30.3401,58.1487,87.0707,117.0514,148.0317,179.9481,212.7331,246.3153,280.6198,315.5688,351.0811,387.0734,423.4598,460.1527,497.0625,534.0988,571.1698,608.1833,645.0468,681.6677,717.9539,753.8141,789.1578,823.8960,857.9415,891.2092,923.6165,955.0837,985.5344,1014.8961,1043.1003,1070.0833,1095.7869,1120.1584,1143.1515,1164.7269,1184.8527,1203.5050,1220.6688,1236.3381,1250.5165,1263.2180,1274.4674,1284.3006,1292.7648,1299.9198,1305.8371,1310.6012,1314.3096,1317.0729,1319.0154,1320.2751,1321.0041,1321.3688,1321.5503},
{-263.8085,-263.8156,-263.7595,-263.5465,-263.1859,-262.6291,-261.8336,-260.7609,-259.3750,-257.6423,-255.5312,-253.0115,-250.0548,-246.6333,-242.7207,-238.2913,-233.3203,-227.7840,-221.6592,-214.9241,-207.5578,-199.5411,-190.8562,-181.4871,-171.4201,-160.6440,-149.1500,-136.9327,-123.9897,-110.3224,-95.9359,-80.8392,-65.0457,-48.5729,-31.4429,-13.6822,4.6783,23.6033,43.0530,62.9837,83.3473,104.0923,125.1635,146.5023,168.0475,189.7349,211.4984,233.2699,254.9799,276.5579,297.9327,319.0331,339.7883,360.1281,379.9838,399.2886,417.9779,435.9903,453.2678,469.7564,485.4069,500.1755,514.0240,526.9208,538.8412,549.7681,559.6922,568.6127,576.5378,583.4845,589.4797,594.5597,598.7710,602.1699,604.8230,606.8072,608.2098,609.1283,609.6708,609.9556,610.1121}
};
fp32 t_plan02[81]=
{0.0,0.1,0.2,0.3,0.4,0.5,0.6,0.7,0.8,0.9,1.0,1.1,1.2,1.3,1.4,1.5,1.6,1.7,1.8,1.9,2.0,2.1,2.2,2.3,2.4,2.5,2.6,2.7,2.8,2.9,3.0,3.1,3.2,3.3,3.4,3.5,3.6,3.7,3.8,3.9,4.0,4.1,4.2,4.3,4.4,4.5,4.6,4.7,4.8,4.9,5.0,5.1,5.2,5.3,5.4,5.5,5.6,5.7,5.8,5.9,6.0,6.1,6.2,6.3,6.4,6.5,6.6,6.7,6.8,6.9,7.0,7.1,7.2,7.3,7.4,7.5,7.6,7.7,7.8,7.9,8.0
};

u8 step_num03=56;	
fp32 CDPM_Motor_Plan03[4][56]=
{{-1516.7623,-1516.5700,-1516.5691,-1516.5554,-1516.4757,-1516.3206,-1516.0759,-1515.7051,-1515.1417,-1514.2810,-1512.9616,-1510.9339,-1507.8062,-1502.9563,-1495.3812,-1483.4365,-1464.3684,-1433.3798,-1426.1956,-1385.5790,-1328.2999,-1265.9867,-1184.0712,-1097.3383,-1006.0649,-908.6274,-805.8256,-698.2569,-685.9982,-573.6943,-457.5230,-337.7116,-214.1455,-80.4384,58.0698,168.2261,282.7150,374.9655,391.1306,463.6904,512.7045,545.5990,567.5113,582.0273,591.6083,597.9174,602.0655,604.7904,606.5819,607.7647,608.5467,609.0430,609.2982,609.3423,609.3451,609.9614},
{-330.9586,-330.8051,-330.8044,-330.7934,-330.7298,-330.6059,-330.4105,-330.1144,-329.6645,-328.9771,-327.9233,-326.3038,-323.8060,-319.9344,-313.8939,-304.3923,-289.2928,-264.8192,-259.0033,-234.7736,-199.1196,-158.8904,-95.3854,-24.4944,43.4329,115.5036,191.9865,272.7940,282.0575,367.4380,456.6635,549.4209,645.2573,746.5428,853.7240,945.8602,1042.7584,1121.9961,1135.1337,1196.3804,1238.1109,1266.2307,1285.0007,1297.4474,1305.6664,1311.0799,1314.6395,1316.9779,1318.5154,1319.5305,1320.2016,1320.6276,1320.8465,1320.8844,1320.8868,1321.4158},
{1321.5503,1321.0215,1321.0192,1320.9813,1320.7624,1320.3366,1319.6658,1318.6510,1317.1142,1314.7766,1311.2181,1305.8063,1297.5895,1285.1455,1266.3783,1238.2596,1196.5255,1135.2699,1122.0322,1042.8921,945.9892,853.8464,746.5678,645.1830,549.3724,456.6295,367.4152,282.0453,272.7830,191.9872,115.5189,43.4707,-24.4072,-95.0571,-158.8025,-199.0116,-234.6446,-258.7050,-264.6907,-289.2062,-304.3274,-313.8437,-319.8943,-323.7726,-326.2748,-327.8972,-328.9529,-329.6416,-330.0923,-330.3890,-330.5847,-330.7088,-330.7726,-330.7836,-330.7843,-330.9381},
{610.1121,609.4958,609.4931,609.4490,609.1939,608.6977,607.9159,606.7334,604.9424,602.2182,598.0710,591.7634,582.1843,567.6706,545.7607,512.8673,463.8512,391.2929,375.3333,282.8796,168.3829,58.2174,-80.0945,-214.0984,-337.7065,-457.5350,-573.7162,-686.0272,-698.2865,-805.8612,-908.6694,-1006.1159,-1097.4088,-1184.0616,-1265.9083,-1328.2040,-1385.4645,-1426.1568,-1433.2604,-1464.2813,-1483.3693,-1495.3278,-1502.9123,-1507.7684,-1510.9002,-1512.9306,-1514.2518,-1515.1137,-1515.6778,-1516.0492,-1516.2942,-1516.4495,-1516.5293,-1516.5431,-1516.5439,-1516.7365}
};
fp32 t_plan03[56]=
{0.0,0.1,0.2,0.3,0.4,0.5,0.6,0.7,0.8,0.9,1.0,1.1,1.2,1.3,1.4,1.5,1.6,1.7,1.7,1.8,1.9,2.0,2.1,2.2,2.3,2.4,2.5,2.6,2.6,2.7,2.8,2.9,3.0,3.1,3.2,3.3,3.4,3.5,3.5,3.6,3.7,3.8,3.9,4.0,4.1,4.2,4.3,4.4,4.5,4.6,4.7,4.8,4.9,5.0,5.1,5.2
};

u8 step_num04=11;	
fp32 CDPM_Motor_Plan04[4][11]=
{{609.9614,613.2456,616.5546,621.3101,627.7286,635.2666,642.9597,649.7705,654.9840,658.6134,661.7250},
{1321.4158,1320.0596,1315.3695,1305.9952,1292.4786,1276.6369,1260.8949,1247.6299,1238.5500,1234.0801,1232.7039},
{-330.9381,-333.3599,-340.3039,-354.0769,-373.9579,-397.2900,-420.5140,-440.1567,-453.7563,-460.7199,-463.1303},
{-1516.7365,-1515.4125,-1510.4698,-1500.3707,-1485.5557,-1467.8660,-1449.9534,-1434.6098,-1423.9953,-1418.8034,-1417.4238}
};
fp32 t_plan04[11]=
{0.0,0.1,0.2,0.3,0.4,0.5,0.6,0.7,0.8,0.9,1.0
};

u8 step_num05=52;	
fp32 CDPM_Motor_Plan05[4][52]=
{{661.7250,661.1028,661.1110,661.0307,660.6997,660.0857,659.1119,657.5986,655.2352,651.5339,645.7406,636.6887,622.5824,600.6950,566.9667,515.5026,437.8583,430.1687,331.0932,206.7835,72.1436,-72.5126,-219.1353,-353.1048,-481.1624,-604.1497,-630.3730,-746.6059,-856.5395,-959.4639,-1057.4876,-1149.9159,-1226.5544,-1287.9114,-1330.2262,-1333.6611,-1366.2984,-1385.8573,-1397.7626,-1405.0975,-1409.6612,-1412.5220,-1414.3252,-1415.4659,-1416.1897,-1416.6512,-1416.9474,-1417.1339,-1417.2343,-1417.2587,-1417.2562,-1417.4447},
{1232.7039,1232.1544,1232.1617,1232.0907,1231.7984,1231.2561,1230.3961,1229.0595,1226.9722,1223.7032,1218.5867,1210.5929,1198.1389,1178.8281,1149.1153,1103.9202,1036.1566,1029.4813,942.2570,833.7720,717.5745,595.6002,480.9562,373.6603,270.5733,172.0756,151.1601,58.8028,-28.2790,-111.5308,-195.7525,-266.1130,-320.4399,-362.5757,-390.7209,-393.5383,-420.3991,-436.6574,-446.6165,-452.7707,-456.6045,-459.0089,-460.5246,-461.4834,-462.0918,-462.4797,-462.7287,-462.8854,-462.9698,-462.9903,-462.9882,-463.1467},
{-463.1303,-462.9716,-462.9737,-462.9532,-462.8686,-462.7116,-462.4622,-462.0736,-461.4641,-460.5036,-458.9853,-456.5767,-452.7366,-446.5727,-436.5996,-420.3219,-393.4333,-390.6124,-362.4796,-320.3600,-266.0508,-195.5028,-111.2083,-28.2475,58.8082,151.1486,172.0608,270.5437,373.6125,480.9738,595.6249,717.6791,833.8828,942.3716,1029.5976,1036.2748,1104.0568,1149.2587,1178.9713,1198.2797,1210.7311,1218.7227,1223.8376,1227.1055,1229.1922,1230.5282,1231.3880,1231.9300,1232.2223,1232.2932,1232.2859,1232.8353},
{-1417.4238,-1417.2349,-1417.2374,-1417.2130,-1417.1125,-1416.9258,-1416.6291,-1416.1669,-1415.4421,-1414.2998,-1412.4941,-1409.6294,-1405.0596,-1397.7155,-1385.7965,-1366.2187,-1333.5560,-1330.1184,-1287.8165,-1226.4758,-1149.8547,-1057.4778,-959.4556,-856.5894,-746.6431,-630.4006,-604.1751,-481.1760,-353.0977,-218.8837,-72.1763,72.2604,206.9074,331.2218,430.2996,437.9901,515.6496,567.1204,600.8489,622.7344,636.8384,645.8886,651.6805,655.3809,657.7437,659.2566,660.2301,660.8439,661.1749,661.2552,661.2469,661.8690}
};
fp32 t_plan05[52]=
{0.0,0.1,0.2,0.3,0.4,0.5,0.6,0.7,0.8,0.9,1.0,1.1,1.2,1.3,1.4,1.5,1.6,1.6,1.7,1.8,1.9,2.0,2.1,2.2,2.3,2.4,2.4,2.5,2.6,2.7,2.8,2.9,3.0,3.1,3.2,3.2,3.3,3.4,3.5,3.6,3.7,3.8,3.9,4.0,4.1,4.2,4.3,4.4,4.5,4.6,4.7,4.8
};

u8 step_num06=11;	
fp32 CDPM_Motor_Plan06[4][11]=
{{-1417.4447,-1415.9950,-1410.7206,-1399.9823,-1384.2626,-1365.5329,-1346.6066,-1330.4214,-1319.2315,-1313.7441,-1312.2511},
{-463.1467,-465.3812,-472.1801,-485.7649,-505.4012,-528.4533,-551.3976,-570.7912,-584.1845,-590.9716,-593.2027},
{1232.8353,1231.3338,1226.7571,1217.7691,1204.8656,1189.7695,1174.7821,1162.1503,1153.4721,1149.1153,1147.5940},
{661.8690,664.7483,668.1572,673.4765,680.8190,689.4772,698.2884,706.0142,711.7707,715.4764,718.2323}
};
fp32 t_plan06[11]=
{0.0,0.1,0.2,0.3,0.4,0.5,0.6,0.7,0.8,0.9,1.0
};

u8 step_num07=50;	
fp32 CDPM_Motor_Plan07[4][50]=
{{-1312.2511,-1312.0666,-1312.0707,-1312.0369,-1311.9194,-1311.7063,-1311.3635,-1310.8162,-1309.9359,-1308.5139,-1306.2091,-1302.4548,-1296.2962,-1286.0994,-1269.0257,-1240.0761,-1227.9600,-1184.8671,-1120.9822,-1038.9034,-1034.1354,-935.0488,-827.4191,-715.2216,-595.6481,-476.2225,-343.1626,-199.9545,-49.6617,101.7007,109.4881,254.1615,385.7501,489.5970,517.7140,589.9870,636.9532,667.0408,686.1095,698.1106,705.6319,710.3335,713.2682,715.1024,716.2551,716.9731,717.3696,717.4838,717.4698,718.0932},
{-593.2027,-593.0400,-593.0437,-593.0139,-592.9103,-592.7224,-592.4202,-591.9378,-591.1618,-589.9082,-587.8765,-584.5680,-579.1451,-570.1857,-555.2594,-530.2065,-519.8106,-488.0576,-439.8107,-376.2678,-372.5311,-292.3940,-200.6838,-101.3315,-0.2743,100.4088,212.5006,330.3450,457.7531,591.3320,598.2512,727.4960,846.1316,940.4185,965.7386,1031.0578,1073.6645,1101.0117,1118.3584,1129.2791,1136.1239,1140.4028,1143.0735,1144.7426,1145.7916,1146.4450,1146.8058,1146.9097,1146.8970,1147.4643},
{1147.5940,1147.0268,1147.0396,1146.9357,1146.5750,1145.9218,1144.8733,1143.2047,1140.5348,1136.2574,1129.4145,1118.4962,1101.1520,1073.8054,1031.1927,965.8532,940.5235,846.2351,727.5960,598.3454,591.4259,457.8429,330.3597,212.4514,100.3843,-0.2785,-101.3020,-200.3646,-292.3294,-372.4821,-376.2179,-439.7444,-487.9765,-519.7183,-530.1204,-555.1929,-570.1364,-579.1084,-584.5397,-587.8536,-589.8888,-591.1445,-591.9219,-592.4051,-592.7079,-592.8961,-592.9998,-593.0297,-593.0260,-593.1890},
{718.2323,717.6090,717.6230,717.5088,717.1125,716.3947,715.2423,713.4087,710.4747,705.7743,698.2546,686.2557,667.1890,637.1016,590.1290,517.8355,489.7093,385.8608,254.2683,109.5887,101.8009,-49.5609,-199.6298,-343.1509,-476.2387,-595.6796,-715.2721,-827.4118,-934.9872,-1034.0848,-1038.8520,-1120.9143,-1184.7837,-1227.8644,-1239.9868,-1268.9566,-1286.0474,-1296.2566,-1302.4234,-1306.1829,-1308.4911,-1309.9151,-1310.7967,-1311.3448,-1311.6881,-1311.9015,-1312.0192,-1312.0531,-1312.0489,-1312.2338}
};
fp32 t_plan07[50]=
{0.0,0.1,0.2,0.3,0.4,0.5,0.6,0.7,0.8,0.9,1.0,1.1,1.2,1.3,1.4,1.5,1.5,1.6,1.7,1.8,1.8,1.9,2.0,2.1,2.2,2.3,2.4,2.5,2.6,2.7,2.7,2.8,2.9,3.0,3.1,3.2,3.3,3.4,3.5,3.6,3.7,3.8,3.9,4.0,4.1,4.2,4.3,4.4,4.5,4.6
};

u8 step_num08=11;	
fp32 CDPM_Motor_Plan08[4][11]=
{{718.0932,720.6571,724.1880,730.0520,738.2715,747.9874,757.8523,766.4431,772.7242,776.5327,779.0057},
{1147.4643,1145.8330,1141.3804,1132.7950,1120.5265,1106.2008,1091.9920,1080.0141,1071.7547,1067.5253,1065.8699},
{-593.1890,-595.2824,-601.9388,-615.3071,-634.6467,-657.3521,-679.9460,-699.0315,-712.1867,-718.8033,-720.8939},
{-1312.2338,-1310.6725,-1305.1075,-1293.8129,-1277.3077,-1257.6747,-1237.8675,-1220.9506,-1209.2606,-1203.5162,-1201.9218}
};
fp32 t_plan08[11]=
{0.0,0.1,0.2,0.3,0.4,0.5,0.6,0.7,0.8,0.9,1.0
};

u8 step_num09=48;	
fp32 CDPM_Motor_Plan09[4][48]=
{{779.0057,778.3881,778.4037,778.2724,777.8457,777.0791,775.8388,773.8413,770.6071,765.3679,756.8966,743.2420,721.3486,686.5505,631.9655,554.1463,448.7464,314.6413,166.9924,155.0253,1.7048,-146.3519,-292.9780,-426.6543,-474.4417,-596.8883,-714.0443,-824.0806,-924.5354,-931.8133,-1014.4735,-1078.1395,-1120.5394,-1152.2178,-1172.2758,-1184.0884,-1191.1212,-1195.3495,-1197.9113,-1199.4722,-1200.4267,-1201.0128,-1201.3754,-1201.5990,-1201.7233,-1201.7615,-1201.7569,-1201.9366},
{1065.8699,1065.2902,1065.3049,1065.1817,1064.7812,1064.0616,1062.8973,1061.0224,1057.9865,1053.0685,1045.1164,1032.2998,1011.7553,979.1253,928.0228,855.3701,756.5915,631.5203,494.6891,483.6419,342.7156,207.6647,80.5859,-37.5428,-80.1698,-190.6574,-299.9477,-396.2656,-483.3844,-489.5767,-559.3139,-612.1373,-646.7413,-675.3726,-693.6698,-704.4988,-710.9598,-714.8475,-717.2037,-718.6393,-719.5173,-720.0564,-720.3899,-720.5956,-720.7100,-720.7451,-720.7409,-720.9061},
{-720.8939,-720.7284,-720.7326,-720.6973,-720.5828,-720.3768,-720.0427,-719.5027,-718.6232,-717.1852,-714.8251,-710.9313,-704.4609,-693.6182,-675.3037,-646.6576,-612.0644,-559.2553,-489.5338,-483.3427,-396.2175,-299.8806,-190.6029,-80.1797,-37.5648,80.5204,207.7436,342.7945,483.7298,494.7775,631.6146,756.6894,855.4695,928.1498,979.2637,1011.8950,1032.4374,1045.2516,1053.2016,1058.1182,1061.1531,1063.0275,1064.1913,1064.9107,1065.3111,1065.4342,1065.4196,1065.9991},
{-1201.9218,-1201.7419,-1201.7465,-1201.7082,-1201.5837,-1201.3598,-1200.9966,-1200.4096,-1199.4537,-1197.8905,-1195.3249,-1191.0907,-1184.0486,-1172.2222,-1152.1466,-1120.4523,-1078.0640,-1014.4129,-931.7687,-924.4920,-824.0317,-713.9822,-596.9532,-474.4689,-426.6714,-292.9368,-146.2629,1.7875,155.1164,167.0840,314.7389,448.8478,554.2494,632.0968,686.6936,721.4933,743.3851,757.0375,765.5070,770.7448,773.9781,775.9750,777.2149,777.9814,778.4079,778.5392,778.5235,779.1409}
};
fp32 t_plan09[48]=
{0.0,0.1,0.2,0.3,0.4,0.5,0.6,0.7,0.8,0.9,1.0,1.1,1.2,1.3,1.4,1.5,1.6,1.7,1.8,1.8,1.9,2.0,2.1,2.2,2.2,2.3,2.4,2.5,2.6,2.6,2.7,2.8,2.9,3.0,3.1,3.2,3.3,3.4,3.5,3.6,3.7,3.8,3.9,4.0,4.1,4.2,4.3,4.4
};

u8 step_num010=11;	
fp32 CDPM_Motor_Plan010[4][11]=
{{-1201.9366,-1200.2716,-1194.4498,-1182.6712,-1165.4845,-1145.0683,-1124.4965,-1106.9438,-1094.8185,-1088.8486,-1087.1594},
{-720.9061,-722.8820,-729.3887,-742.5080,-761.4975,-783.7886,-805.9616,-824.6787,-837.5593,-844.0002,-845.9707},
{1065.9991,1064.2311,1059.9064,1051.7423,1040.1400,1026.6220,1013.2285,1001.9348,994.1139,990.0185,988.2198},
{779.1409,781.4599,785.1271,791.5120,800.5584,811.2670,822.1196,831.5233,838.3060,842.2354,844.4860}
};
fp32 t_plan010[11]=
{0.0,0.1,0.2,0.3,0.4,0.5,0.6,0.7,0.8,0.9,1.0
};

u8 step_num011=46;	
fp32 CDPM_Motor_Plan011[4][46]=
{{-1087.1594,-1086.9835,-1086.9882,-1086.9463,-1086.8162,-1086.5834,-1086.2031,-1085.5819,-1084.5597,-1082.8710,-1080.0698,-1075.3949,-1067.5284,-1054.1606,-1031.2220,-1007.9870,-966.5665,-903.6212,-821.0273,-810.4081,-708.9451,-597.5986,-477.0312,-231.8934,-89.5015,58.9819,213.5672,231.1485,380.8279,516.5756,622.8983,679.9910,741.5608,780.6922,805.1811,820.3464,829.6780,835.3987,838.8979,841.0382,842.3537,843.1611,843.6127,843.7584,843.7420,844.3536},
{-845.9707,-845.8022,-845.8067,-845.7665,-845.6418,-845.4186,-845.0540,-844.4586,-843.4787,-841.8599,-839.1748,-834.6946,-827.1597,-814.3734,-792.5027,-770.4507,-733.0143,-675.6561,-599.7620,-589.9613,-495.4725,-391.3237,-277.9380,-46.2296,89.0705,230.8202,378.9474,395.8311,539.8713,670.9326,773.8404,828.9905,888.5391,926.4226,950.1416,964.8326,973.8729,979.4151,982.8050,984.8784,986.1529,986.9350,987.3725,987.5137,987.4977,988.0902},
{988.2198,987.6275,987.6434,987.5023,987.0649,986.2831,985.0090,982.9363,979.5474,974.0068,964.9686,950.2800,926.5624,888.6753,829.1096,773.9365,671.0271,539.9622,395.9163,379.0319,230.8936,89.1363,-46.1530,-277.8561,-391.2767,-495.4307,-589.9228,-599.7218,-675.6006,-732.9448,-770.3704,-792.4307,-814.3186,-827.1197,-834.6650,-839.1521,-841.8414,-843.4628,-844.4443,-845.0407,-845.4059,-845.6295,-845.7544,-845.7946,-845.7901,-845.9589},
{844.4860,843.8747,843.8911,843.7454,843.2940,842.4869,841.1717,839.0321,835.5339,829.8146,820.4851,805.3221,780.8343,741.6990,680.1118,622.9958,516.6715,380.9202,231.2350,213.6530,59.0565,-89.4341,-231.8023,-476.9613,-597.5512,-708.9024,-810.3686,-820.9860,-903.5644,-966.4953,-1007.9047,-1031.1485,-1054.1046,-1067.4874,-1075.3643,-1080.0460,-1082.8513,-1084.5426,-1085.5664,-1086.1886,-1086.5695,-1086.8027,-1086.9330,-1086.9750,-1086.9703,-1087.1464}
};
fp32 t_plan011[46]=
{0.0,0.1,0.2,0.3,0.4,0.5,0.6,0.7,0.8,0.9,1.0,1.1,1.2,1.3,1.4,1.5,1.6,1.7,1.8,1.8,1.9,2.0,2.1,2.3,2.4,2.5,2.6,2.6,2.7,2.8,2.9,2.9,3.0,3.1,3.2,3.3,3.4,3.5,3.6,3.7,3.8,3.9,4.0,4.1,4.2,4.3
};

u8 step_num012=11;	
fp32 CDPM_Motor_Plan012[4][11]=
{{844.3536,846.4654,850.2732,857.1590,866.9948,878.6486,890.4405,900.6181,907.8829,911.9397,913.9998},
{988.0902,986.1813,981.9890,974.2646,963.3580,950.6831,938.1398,927.5590,920.1954,916.2410,914.2918},
{-845.9589,-847.8330,-854.1788,-867.0119,-885.5918,-907.3950,-929.0705,-947.3536,-959.9176,-966.1713,-968.0350},
{-1087.1464,-1085.3808,-1079.3311,-1067.1324,-1049.3577,-1028.2659,-1007.0341,-988.9314,-976.4279,-970.2589,-968.4765}
};
fp32 t_plan012[11]=
{0.0,0.1,0.2,0.3,0.4,0.5,0.6,0.7,0.8,0.9,1.0
};

u8 step_num013=46;	
fp32 CDPM_Motor_Plan013[4][46]=
{{913.9998,913.3983,913.4145,913.2705,912.8254,912.0296,910.7326,908.6217,905.1693,899.5232,890.3104,875.3340,851.1450,812.4916,751.6884,696.3028,591.5682,458.0019,310.9759,294.0339,142.6112,-2.5052,-141.0247,-380.1946,-496.8476,-604.5294,-702.4634,-712.4951,-791.7834,-851.9586,-891.3889,-913.6763,-936.1326,-949.2384,-956.9543,-961.5396,-964.2865,-965.9420,-966.9438,-967.5523,-967.9248,-968.1528,-968.2802,-968.3213,-968.3167,-968.4885},
{914.2918,913.6902,913.7063,913.5625,913.1171,912.3213,911.0239,908.9128,905.4598,899.8129,890.5989,875.6207,851.4293,812.7727,751.9655,696.5768,591.8558,458.3041,311.2900,294.3490,142.9321,-2.1789,-140.6933,-379.8530,-496.4995,-604.1732,-702.0970,-712.1307,-791.4424,-851.6479,-891.1081,-913.3568,-935.7672,-948.8433,-956.5409,-961.1151,-963.8554,-965.5068,-966.5062,-967.1133,-967.4849,-967.7123,-967.8393,-967.8804,-967.8758,-968.0471},
{-968.0350,-967.8634,-967.8680,-967.8269,-967.6997,-967.4719,-967.0997,-966.4916,-965.4907,-963.8366,-961.0922,-956.5112,-948.8033,-935.7125,-913.2850,-891.0282,-851.5790,-791.3876,-712.0912,-702.0592,-604.1329,-496.4564,-379.8067,-140.6375,-2.1158,143.0046,294.4333,311.3750,458.3949,591.9503,696.6731,752.0847,812.9094,851.5699,875.7601,890.7360,899.9480,905.5934,909.0453,911.1558,912.4527,913.2483,913.6935,913.8373,913.8212,914.4226},
{-968.4765,-968.3044,-968.3091,-968.2679,-968.1403,-967.9120,-967.5389,-966.9293,-965.9259,-964.2678,-961.5167,-956.9247,-949.1984,-936.0778,-913.6044,-891.3090,-851.8896,-791.7287,-712.4556,-702.4256,-604.4891,-496.8047,-380.1484,-140.9691,-2.4422,142.6836,294.1180,311.0608,458.0926,591.6626,696.3989,751.8074,812.6281,851.2854,875.4731,890.4472,899.6579,905.3025,908.7539,910.8642,912.1608,912.9563,913.4014,913.5452,913.5290,914.1304}
};
fp32 t_plan013[46]=
{0.0,0.1,0.2,0.3,0.4,0.5,0.6,0.7,0.8,0.9,1.0,1.1,1.2,1.3,1.4,1.5,1.6,1.7,1.8,1.8,1.9,2.0,2.1,2.3,2.4,2.5,2.6,2.6,2.7,2.8,2.9,2.9,3.0,3.1,3.2,3.3,3.4,3.5,3.6,3.7,3.8,3.9,4.0,4.1,4.2,4.3
};

u8 step_num014=11;	
fp32 CDPM_Motor_Plan014[4][11]=
{{-968.4885,-966.6214,-960.3665,-947.8030,-929.5217,-907.8484,-886.0474,-867.4691,-854.6365,-848.2896,-846.4122},
{-968.0471,-969.8261,-975.9942,-988.4985,-1006.6031,-1027.8376,-1048.9320,-1066.7088,-1078.9083,-1084.9572,-1086.7196},
{914.4226,912.3493,908.2878,901.0244,890.8524,879.0682,867.4223,857.5926,850.7084,846.8956,844.7696},
{914.1304,916.0715,920.0227,927.3867,937.9702,950.5171,963.1955,974.1043,981.8290,986.0187,987.9203}
};
fp32 t_plan014[11]=
{0.0,0.1,0.2,0.3,0.4,0.5,0.6,0.7,0.8,0.9,1.0
};

u8 step_num015=46;	
fp32 CDPM_Motor_Plan015[4][46]=
{{-846.4122,-846.2433,-846.2478,-846.2077,-846.0832,-845.8603,-845.4962,-844.9019,-843.9244,-842.3105,-839.6351,-835.1734,-827.6746,-814.9583,-793.2231,-770.7294,-733.3645,-676.1187,-600.3601,-590.3096,-495.8996,-391.8378,-278.4254,-46.3224,88.9651,230.6069,378.6038,395.9270,539.8320,670.7556,773.5652,829.7474,888.8750,926.4959,950.0564,964.6544,973.6411,979.1528,982.5258,984.5898,985.8591,986.6384,987.0743,987.2146,987.1987,987.7910},
{-1086.7196,-1086.5442,-1086.5490,-1086.5074,-1086.3781,-1086.1466,-1085.7687,-1085.1516,-1084.1369,-1082.4614,-1079.6836,-1075.0503,-1067.2581,-1054.0235,-1031.3212,-1007.7045,-966.3016,-903.4165,-820.9205,-810.0264,-708.6711,-597.4396,-476.9292,-231.3894,-88.9495,59.4130,213.8512,231.8878,381.4012,516.9761,623.1700,681.3373,742.4786,781.3448,805.6750,820.7477,830.0265,835.7174,839.2001,841.3313,842.6420,843.4467,843.8967,844.0416,844.0252,844.6367},
{844.7696,844.1582,844.1746,844.0298,843.5799,842.7755,841.4652,839.3346,835.8529,830.1634,820.8867,805.8163,781.4872,742.6173,681.4589,623.2680,517.0725,381.4938,231.9747,213.9373,59.4881,-88.8810,-231.2748,-476.8498,-597.3913,-708.6280,-809.9867,-820.8790,-903.3596,-966.2303,-1007.6220,-1031.2481,-1053.9678,-1067.2172,-1075.0197,-1079.6597,-1082.4416,-1084.1197,-1085.1360,-1085.7540,-1086.1326,-1086.3644,-1086.4939,-1086.5355,-1086.5308,-1086.7065},
{987.9203,987.3283,987.3442,987.2039,986.7682,985.9892,984.7202,982.6569,979.2850,973.7748,964.7902,950.1946,926.6356,889.0111,829.8668,773.6614,670.8501,539.9230,396.0122,378.6883,230.6804,89.0315,-46.2369,-278.3201,-391.7898,-495.8575,-590.2710,-600.3197,-676.0629,-733.2947,-770.6488,-793.1510,-814.9035,-827.6347,-835.1440,-839.6124,-842.2921,-843.9086,-844.8876,-845.4830,-845.8476,-846.0710,-846.1957,-846.2358,-846.2313,-846.4005}
};
fp32 t_plan015[46]=
{0.0,0.1,0.2,0.3,0.4,0.5,0.6,0.7,0.8,0.9,1.0,1.1,1.2,1.3,1.4,1.5,1.6,1.7,1.8,1.8,1.9,2.0,2.1,2.3,2.4,2.5,2.6,2.6,2.7,2.8,2.9,2.9,3.0,3.1,3.2,3.3,3.4,3.5,3.6,3.7,3.8,3.9,4.0,4.1,4.2,4.3
};

u8 step_num016=11;	
fp32 CDPM_Motor_Plan016[4][11]=
{{987.7910,989.5763,993.6668,1001.4894,1012.7890,1026.1902,1039.7157,1051.3234,1059.4889,1063.8093,1065.5643},
{844.6367,842.3782,838.4456,831.6628,822.2608,811.4111,800.7057,791.6616,785.2767,781.6057,779.2777},
{-1086.7065,-1088.3930,-1094.3622,-1106.4880,-1124.0422,-1144.6159,-1165.0341,-1182.2223,-1194.0016,-1199.8224,-1201.4848},
{-846.4005,-844.4253,-837.9827,-825.1027,-806.3877,-784.2177,-761.9293,-742.9420,-729.8233,-723.3148,-721.3337}
};
fp32 t_plan016[11]=
{0.0,0.1,0.2,0.3,0.4,0.5,0.6,0.7,0.8,0.9,1.0
};

u8 step_num017=48;	
fp32 CDPM_Motor_Plan017[4][48]=
{{1065.5643,1064.9850,1064.9996,1064.8780,1064.4806,1063.7662,1062.6113,1060.7534,1057.7482,1052.8845,1045.0278,1032.3758,1012.1109,979.9438,929.5849,855.0949,756.5250,631.7394,495.1831,483.2708,342.6069,207.7636,81.2740,-36.6927,-81.2304,-191.3622,-300.5727,-396.7474,-483.7112,-490.3828,-559.8859,-612.5259,-647.0233,-676.4034,-694.4294,-705.1112,-711.4927,-715.3373,-717.6701,-719.0931,-719.9643,-720.4998,-720.8314,-721.0361,-721.1498,-721.1846,-721.1804,-721.3460},
{779.2777,778.6603,778.6759,778.5463,778.1228,777.3616,776.1309,774.1509,770.9486,765.7661,757.3943,743.9122,722.3127,688.0039,634.2096,554.4158,449.2654,315.4975,168.1745,155.2722,2.2450,-145.5963,-292.0347,-425.4115,-475.3429,-597.5314,-714.0748,-823.8934,-924.1381,-931.9827,-1014.4179,-1077.9251,-1120.2533,-1152.6410,-1172.3180,-1183.9189,-1190.8341,-1194.9966,-1197.5215,-1199.0616,-1200.0044,-1200.5839,-1200.9429,-1201.1644,-1201.2875,-1201.3251,-1201.3206,-1201.4997},
{-1201.4848,-1201.3053,-1201.3098,-1201.2722,-1201.1489,-1200.9270,-1200.5675,-1199.9871,-1199.0429,-1197.5006,-1194.9719,-1190.8036,-1183.8793,-1172.2648,-1152.5703,-1120.1660,-1077.8493,-1014.3568,-931.9375,-924.0942,-823.8437,-714.0100,-597.5924,-475.3700,-425.4285,-292.0005,-145.5028,2.3288,155.3639,168.2668,315.5958,449.3675,554.5196,634.3419,688.1475,722.4578,744.0556,757.5355,765.9055,771.0867,774.2882,776.2676,777.4979,778.2589,778.6823,778.8118,778.7963,779.4134},
{-721.3337,-721.1679,-721.1721,-721.1372,-721.0233,-720.8183,-720.4861,-719.9497,-719.0770,-717.6517,-715.3150,-711.4644,-705.0736,-694.3780,-676.3346,-646.9390,-612.4524,-559.8267,-490.3393,-483.6691,-396.6983,-300.5012,-191.3145,-81.2405,-36.7149,81.2118,207.8448,342.6863,483.3589,495.2718,631.8338,756.6231,855.1946,929.7126,980.0823,1012.2505,1032.5133,1045.1628,1053.0175,1057.8797,1060.8840,1062.7413,1063.8958,1064.6100,1065.0072,1065.1287,1065.1142,1065.6933}
};
fp32 t_plan017[48]=
{0.0,0.1,0.2,0.3,0.4,0.5,0.6,0.7,0.8,0.9,1.0,1.1,1.2,1.3,1.4,1.5,1.6,1.7,1.8,1.8,1.9,2.0,2.1,2.2,2.2,2.3,2.4,2.5,2.6,2.7,2.8,2.9,3.0,3.1,3.2,3.3,3.4,3.5,3.6,3.7,3.8,3.9,4.0,4.1,4.2,4.3,4.4,4.5
};

u8 step_num018=11;	
fp32 CDPM_Motor_Plan018[4][11]=
{{-721.3460,-719.2507,-712.6322,-699.4775,-680.3942,-657.8031,-635.1004,-615.7627,-602.3950,-595.7370,-593.6386},
{-1201.4997,-1203.0914,-1208.8353,-1220.5263,-1237.4455,-1257.2556,-1276.8915,-1293.3992,-1304.6950,-1310.2594,-1311.8181},
{779.4134,776.9253,773.1112,766.8314,758.2466,748.3902,738.6832,730.4703,724.6081,721.0713,718.4905},
{1065.6933,1067.3401,1071.5662,1079.8264,1091.8078,1106.0212,1120.3514,1132.6229,1141.2091,1145.6589,1147.2821}
};
fp32 t_plan018[11]=
{0.0,0.1,0.2,0.3,0.4,0.5,0.6,0.7,0.8,0.9,1.0
};

u8 step_num019=50;	
fp32 CDPM_Motor_Plan019[4][50]=
{{-593.6386,-593.4757,-593.4793,-593.4501,-593.3475,-593.1614,-592.8622,-592.3854,-591.6198,-590.3851,-588.3874,-585.1399,-579.8271,-571.0664,-556.4988,-532.0908,-520.0946,-488.4766,-440.4733,-377.2502,-372.8257,-292.8953,-200.7467,-102.3570,-1.7366,101.7532,213.5577,330.9131,457.7358,590.9293,599.1319,727.9683,846.1748,940.1434,969.3706,1033.1844,1074.8250,1101.5708,1118.5533,1129.2580,1135.9768,1140.1829,1142.8123,1144.4583,1145.4943,1146.1403,1146.4966,1146.5982,1146.5857,1147.1525},
{-1311.8181,-1311.6341,-1311.6382,-1311.6052,-1311.4893,-1311.2790,-1310.9411,-1310.4024,-1309.5376,-1308.1428,-1305.8858,-1302.2161,-1296.2075,-1286.2783,-1269.6849,-1241.6000,-1227.6724,-1184.7109,-1121.0898,-1039.3681,-1033.7198,-934.9460,-827.8830,-716.2334,-597.1092,-474.3503,-341.6894,-199.5661,-49.0323,101.8982,111.1283,255.3095,386.3897,489.8602,522.3165,592.9162,638.8177,668.2464,686.9176,698.6835,706.0678,710.6906,713.5805,715.3896,716.5284,717.2384,717.6300,717.7417,717.7280,718.3509},
{718.4905,717.8678,717.8815,717.7698,717.3783,716.6685,715.5300,713.7214,710.8323,706.2107,698.8280,687.0642,668.3951,638.9667,593.0593,522.4404,489.9738,386.5015,255.4174,111.2300,101.9995,-48.9287,-199.2496,-341.6794,-474.3665,-597.1405,-716.2826,-827.8759,-934.8826,-1033.6684,-1039.3157,-1121.0210,-1184.6268,-1227.5763,-1241.5114,-1269.6165,-1286.2268,-1296.1681,-1302.1847,-1305.8596,-1308.1198,-1309.5166,-1310.3827,-1310.9221,-1311.2606,-1311.4712,-1311.5872,-1311.6203,-1311.6162,-1311.8005},
{1147.2821,1146.7155,1146.7280,1146.6265,1146.2703,1145.6245,1144.5888,1142.9435,1140.3149,1136.1102,1129.3933,1118.6909,1101.7110,1074.9661,1033.3200,969.4871,940.2490,846.2789,728.0689,599.2266,591.0237,457.8270,330.9267,213.5094,101.7285,-1.7408,-102.3292,-200.4205,-292.8279,-372.7757,-377.1991,-440.4059,-488.3943,-520.0011,-532.0049,-556.4329,-571.0175,-579.7907,-585.1118,-588.3646,-590.3657,-591.6026,-592.3695,-592.8471,-593.1468,-593.3333,-593.4360,-593.4653,-593.4617,-593.6248}
};
fp32 t_plan019[50]=
{0.0,0.1,0.2,0.3,0.4,0.5,0.6,0.7,0.8,0.9,1.0,1.1,1.2,1.3,1.4,1.5,1.5,1.6,1.7,1.8,1.8,1.9,2.0,2.1,2.2,2.3,2.4,2.5,2.6,2.7,2.7,2.8,2.9,3.0,3.1,3.2,3.3,3.4,3.5,3.6,3.7,3.8,3.9,4.0,4.1,4.2,4.3,4.4,4.5,4.6
};

u8 step_num020=11;	
fp32 CDPM_Motor_Plan020[4][11]=
{{1147.1525,1148.6592,1153.0104,1161.6902,1174.3283,1189.3241,1204.4283,1217.3376,1226.3270,1230.8987,1232.3854},
{718.3509,715.5846,711.8743,706.1170,698.3928,689.5847,680.9299,673.5897,668.2699,664.8557,661.9635},
{-1311.8005,-1313.2907,-1318.7773,-1329.9676,-1346.1544,-1365.0828,-1383.8146,-1399.5359,-1410.2749,-1415.5483,-1416.9950},
{-593.6248,-591.3858,-584.5953,-571.2023,-551.8115,-528.8712,-505.8228,-486.1893,-472.6049,-465.8027,-463.5589}
};
fp32 t_plan020[11]=
{0.0,0.1,0.2,0.3,0.4,0.5,0.6,0.7,0.8,0.9,1.0
};

u8 step_num021=54;	
fp32 CDPM_Motor_Plan021[4][54]=
{{1232.3854,1231.8367,1231.8434,1231.7752,1231.4885,1230.9553,1230.1102,1228.7999,1226.7581,1223.5676,1218.5843,1210.8142,1198.7318,1180.0285,1151.2892,1107.6136,1042.1658,1029.2101,942.4190,834.5064,717.6995,717.1347,595.9454,481.8139,375.1383,272.4592,174.3301,148.7830,56.9965,-29.5421,-111.7448,-195.7454,-266.3605,-266.6484,-321.1760,-363.0234,-391.0139,-396.4690,-422.2477,-437.8967,-447.5085,-453.4645,-457.1848,-459.5240,-461.0021,-461.9395,-462.5356,-462.9166,-463.1617,-463.3161,-463.3990,-463.4187,-463.4168,-463.5753},
{661.9635,661.3422,661.3498,661.2726,660.9479,660.3440,659.3870,657.9031,655.5910,651.9780,646.3347,637.5348,623.8478,602.6477,570.0254,520.3013,445.3464,430.4250,331.8644,208.2431,72.9299,72.2715,-72.4281,-218.1935,-351.0726,-478.5615,-601.0584,-633.0899,-748.6411,-857.9570,-960.1855,-1057.6909,-1149.4767,-1149.8770,-1226.8414,-1287.8245,-1329.9409,-1336.5655,-1367.7561,-1386.5069,-1397.9541,-1405.0272,-1409.4400,-1412.2135,-1413.9658,-1415.0770,-1415.7837,-1416.2354,-1416.5259,-1416.7090,-1416.8073,-1416.8307,-1416.8284,-1417.0163},
{-1416.9950,-1416.8068,-1416.8091,-1416.7857,-1416.6873,-1416.5039,-1416.2130,-1415.7606,-1415.0529,-1413.9402,-1412.1854,-1409.4082,-1404.9896,-1397.9075,-1386.4470,-1367.6777,-1336.4621,-1329.8321,-1287.7284,-1226.7614,-1149.8142,-1149.4141,-1057.6806,-960.1767,-858.0059,-748.6780,-633.1176,-601.0835,-478.5753,-351.0667,-217.9475,-72.0978,72.3903,73.0487,208.3691,331.9952,430.5582,445.4811,520.4501,570.1800,602.8022,624.0003,637.6852,646.4832,652.1252,655.7374,658.0489,659.5324,660.4891,661.0928,661.4174,661.4946,661.4871,662.1082},
{-463.5589,-463.4001,-463.4020,-463.3823,-463.2992,-463.1445,-462.8990,-462.5173,-461.9201,-460.9811,-459.5004,-457.1571,-453.4307,-447.4652,-437.8396,-422.1714,-396.3653,-390.9032,-362.9250,-321.0938,-266.5841,-266.2964,-195.4895,-111.4157,-29.5116,57.0016,148.7717,174.3148,272.4295,375.0909,481.8311,595.9700,717.2403,717.8051,834.6182,942.5347,1029.3276,1042.2867,1107.7515,1151.4329,1180.1718,1198.8725,1210.9523,1218.7203,1223.7020,1226.8915,1228.9326,1230.2424,1231.0872,1231.6202,1231.9068,1231.9750,1231.9683,1232.5168}
};
fp32 t_plan021[54]=
{0.0,0.1,0.2,0.3,0.4,0.5,0.6,0.7,0.8,0.9,1.0,1.1,1.2,1.3,1.4,1.5,1.6,1.6,1.7,1.8,1.9,1.9,2.0,2.1,2.2,2.3,2.4,2.4,2.5,2.6,2.7,2.8,2.9,2.9,3.0,3.1,3.2,3.3,3.4,3.5,3.6,3.7,3.8,3.9,4.0,4.1,4.2,4.3,4.4,4.5,4.6,4.7,4.8,4.9
};

u8 step_num022=11;	
fp32 CDPM_Motor_Plan022[4][11]=
{{-463.5753,-461.1571,-454.1901,-440.5910,-420.9515,-397.7316,-374.4034,-354.5250,-340.7525,-333.8058,-331.3753},
{-1417.0163,-1418.3932,-1423.5846,-1434.2005,-1449.5470,-1467.4633,-1485.1568,-1499.9749,-1510.0756,-1515.0178,-1516.3389},
{662.1082,658.9766,655.3393,650.1270,643.3234,635.6408,628.1136,621.7029,616.9493,613.6320,610.3248},
{1232.5168,1233.8822,1238.3478,1247.4289,1260.6988,1276.4473,1292.2951,1305.8161,1315.1917,1319.8784,1321.2235}
};
fp32 t_plan022[11]=
{0.0,0.1,0.2,0.3,0.4,0.5,0.6,0.7,0.8,0.9,1.0
};

u8 step_num023=56;	
fp32 CDPM_Motor_Plan023[4][56]=
{{-331.3753,-331.2222,-331.2211,-331.2111,-331.1499,-331.0297,-330.8401,-330.5537,-330.1203,-329.4608,-328.4539,-326.9126,-324.5455,-320.8927,-315.2202,-306.3414,-292.3048,-269.7265,-259.2414,-235.3410,-200.0655,-158.8242,-95.3707,-25.5655,41.5927,112.8666,188.4924,268.3821,286.4029,371.2256,459.8205,551.8835,646.9844,747.2537,853.4781,947.2607,1043.2581,1121.8900,1145.6215,1203.0696,1242.2654,1268.7215,1286.4223,1298.1937,1305.9918,1311.1456,1314.5464,1316.7886,1318.2685,1319.2494,1319.9001,1320.3130,1320.5236,1320.5579,1320.5617,1321.0888},
{-1516.3389,-1516.1475,-1516.1461,-1516.1337,-1516.0572,-1515.9070,-1515.6702,-1515.3123,-1514.7709,-1513.9471,-1512.6892,-1510.7639,-1507.8067,-1503.2416,-1496.1456,-1485.0142,-1467.3440,-1438.8225,-1426.0630,-1385.7049,-1329.0363,-1265.6341,-1184.5652,-1098.8119,-1008.4239,-911.9879,-810.2715,-703.8569,-680.0087,-568.5008,-453.2162,-334.3778,-211.8970,-79.8990,57.5368,170.4766,283.8724,375.1061,404.2090,472.1541,518.1597,549.0988,569.7608,583.4890,592.5796,598.5863,602.5496,605.1625,606.8869,608.0301,608.7882,609.2695,609.5149,609.5548,609.5593,610.1734},
{610.3248,609.7108,609.7064,609.6665,609.4211,608.9400,608.1821,607.0392,605.3152,602.7029,598.7406,592.7353,583.6466,569.9206,549.2611,518.3236,472.3168,404.3717,375.4786,284.0417,170.6383,57.8763,-79.5631,-211.8539,-334.3735,-453.2283,-568.5225,-680.0373,-703.8868,-810.3070,-912.0295,-1008.4742,-1098.8801,-1184.5550,-1265.6204,-1328.9378,-1385.5884,-1426.0241,-1438.7091,-1467.2600,-1484.9490,-1496.0933,-1503.1981,-1507.7691,-1510.7302,-1512.6581,-1513.9176,-1514.7426,-1515.2847,-1515.6430,-1515.8802,-1516.0306,-1516.1072,-1516.1196,-1516.1210,-1516.3126},
{1321.2235,1320.6967,1320.6929,1320.6586,1320.4481,1320.0353,1319.3849,1318.4043,1316.9250,1314.6835,1311.2838,1306.1317,1298.3358,1286.5670,1268.8690,1242.4145,1203.2164,1145.7602,1121.9260,1043.3939,947.3919,853.5160,747.2785,646.9117,551.8352,459.7863,371.2025,286.3900,268.3715,188.4932,112.8819,41.6298,-25.4821,-95.0362,-158.6085,-199.9526,-235.2076,-258.9362,-269.6059,-292.2211,-306.2784,-315.1713,-320.8532,-324.5124,-326.8837,-328.4277,-329.4365,-330.0972,-330.5313,-330.8183,-331.0082,-331.1286,-331.1900,-331.2000,-331.2011,-331.3545}
};
fp32 t_plan023[56]=
{0.0,0.1,0.2,0.3,0.4,0.5,0.6,0.7,0.8,0.9,1.0,1.1,1.2,1.3,1.4,1.5,1.6,1.7,1.7,1.8,1.9,2.0,2.1,2.2,2.3,2.4,2.5,2.6,2.6,2.7,2.8,2.9,3.0,3.1,3.2,3.3,3.4,3.5,3.6,3.7,3.8,3.9,4.0,4.1,4.2,4.3,4.4,4.5,4.6,4.7,4.8,4.9,5.0,5.1,5.2,5.3
};
