uint8_t step_num01=51;	
float Motor_Plan01[4][501]=
{{0.0000,-0.0223,-0.1728,-0.5651,-1.2978,-2.4541,-4.1034,-6.3011,-9.0894,-12.4979,-16.5442,-21.2347,-26.5651,-32.5212,-39.0799,-46.2099,-53.8723,-62.0220,-70.6081,-79.5751,-88.8636,-98.4114,-108.1539,-118.0257,-127.9606,-137.8930,-147.7580,-157.4927,-167.0366,-176.3317,-185.3239,-193.9625,-202.2016,-209.9994,-217.3196,-224.1308,-230.4074,-236.1296,-241.2837,-245.8623,-249.8651,-253.2985,-256.1767,-258.5217,-260.3640,-261.7431,-262.7083,-263.3191,-263.6459,-263.7712,-263.7898},
{0.0000,-0.0223,-0.1727,-0.5648,-1.2971,-2.4528,-4.1012,-6.2977,-9.0845,-12.4911,-16.5353,-21.2233,-26.5507,-32.5036,-39.0588,-46.1849,-53.8431,-61.9883,-70.5697,-79.5317,-88.8150,-98.3574,-108.0945,-117.9607,-127.8900,-137.8166,-147.6760,-157.4051,-166.9434,-176.2332,-185.2201,-193.8537,-202.0879,-209.8811,-217.1969,-224.0041,-230.2769,-235.9957,-241.1466,-245.7225,-249.7229,-253.1542,-256.0307,-258.3742,-260.2154,-261.5937,-262.5583,-263.1687,-263.4953,-263.6206,-263.6391},
{0.0000,-0.0223,-0.1727,-0.5649,-1.2972,-2.4530,-4.1015,-6.2981,-9.0851,-12.4920,-16.5364,-21.2247,-26.5525,-32.5058,-39.0614,-46.1880,-53.8467,-61.9925,-70.5744,-79.5371,-88.8210,-98.3641,-108.1019,-117.9687,-127.8987,-137.8261,-147.6861,-157.4160,-166.9550,-176.2454,-185.2329,-193.8671,-202.1019,-209.8957,-217.2121,-224.0198,-230.2931,-236.0122,-241.1636,-245.7398,-249.7405,-253.1721,-256.0487,-258.3925,-260.2338,-261.6122,-262.5768,-263.1872,-263.5139,-263.6392,-263.6577},
{0.0000,-0.0223,-0.1728,-0.5652,-1.2979,-2.4543,-4.1037,-6.3015,-9.0900,-12.4987,-16.5453,-21.2361,-26.5668,-32.5234,-39.0825,-46.2130,-53.8759,-62.0262,-70.6129,-79.5805,-88.8697,-98.4181,-108.1613,-118.0338,-127.9694,-137.9024,-147.7682,-157.5036,-167.0481,-176.3440,-185.3368,-193.9761,-202.2157,-210.0141,-217.3348,-224.1466,-230.4237,-236.1463,-241.3007,-245.8797,-249.8828,-253.3165,-256.1949,-258.5400,-260.3825,-261.7617,-262.7269,-263.3377,-263.6646,-263.7900,-263.8085}
};
float t_plan01[51]=
{0.0000,0.1000,0.2000,0.3000,0.4000,0.5000,0.6000,0.7000,0.8000,0.9000,1.0000,1.1000,1.2000,1.3000,1.4000,1.5000,1.6000,1.7000,1.8000,1.9000,2.0000,2.1000,2.2000,2.3000,2.4000,2.5000,2.6000,2.7000,2.8000,2.9000,3.0000,3.1000,3.2000,3.3000,3.4000,3.5000,3.6000,3.7000,3.8000,3.9000,4.0000,4.1000,4.2000,4.3000,4.4000,4.5000,4.6000,4.7000,4.8000,4.9000,5.0000
};

uint8_t step_num02=41;	
float Motor_Plan02[4][501]=
{{-263.7898,-263.4871,-262.6148,-260.6534,-257.1707,-251.8132,-244.2996,-234.4139,-222.0004,-206.9591,-189.2417,-168.8493,-145.8300,-120.2774,-92.3286,-62.1630,-30.0003,3.9023,39.2526,75.7276,112.9779,150.6327,188.3060,225.6030,262.1274,297.4886,331.3101,363.2376,392.9475,420.1560,444.6272,466.1828,484.7097,500.1686,512.6020,522.1409,529.0113,533.5405,536.1622,537.4213,537.9795},
{-263.6391,-263.9392,-264.8075,-266.7613,-270.2249,-275.5337,-282.9373,-292.6026,-304.6178,-318.9973,-335.6870,-354.5707,-375.4771,-398.1875,-422.4442,-447.9585,-474.4204,-501.5066,-528.8899,-556.2473,-583.2678,-609.6595,-635.1555,-659.5186,-682.5454,-704.0675,-723.9533,-742.1068,-758.4669,-773.0046,-785.7208,-796.6438,-805.8269,-813.3469,-819.3042,-823.8233,-827.0554,-829.1823,-830.4215,-831.0322,-831.3217},
{-263.6577,-263.9583,-264.8268,-266.7807,-270.2444,-275.5534,-282.9572,-292.6227,-304.6381,-319.0179,-335.7079,-354.5919,-375.4986,-398.2095,-422.4665,-447.9813,-474.4436,-501.5303,-528.9142,-556.2722,-583.2933,-609.6855,-635.1821,-659.5459,-682.5733,-704.0961,-723.9825,-742.1368,-758.4975,-773.0359,-785.7528,-796.6764,-805.8601,-813.3807,-819.3386,-823.8582,-827.0908,-829.2182,-830.4579,-831.0692,-831.3593},
{-263.8085,-263.5059,-262.6335,-260.6720,-257.1892,-251.8316,-244.3178,-234.4319,-222.0183,-206.9768,-189.2592,-168.8666,-145.8471,-120.2941,-92.3450,-62.1791,-30.0160,3.8870,39.2377,75.7132,112.9639,150.6192,188.2930,225.5906,262.1156,297.4773,331.2994,363.2273,392.9378,420.1466,444.6183,466.1743,484.7014,500.1606,512.5942,522.1331,529.0036,533.5329,536.1545,537.4136,537.9717}
};
float t_plan02[41]=
{0.0000,0.1000,0.2000,0.3000,0.4000,0.5000,0.6000,0.7000,0.8000,0.9000,1.0000,1.1000,1.2000,1.3000,1.4000,1.5000,1.6000,1.7000,1.8000,1.9000,2.0000,2.1000,2.2000,2.3000,2.4000,2.5000,2.6000,2.7000,2.8000,2.9000,3.0000,3.1000,3.2000,3.3000,3.4000,3.5000,3.6000,3.7000,3.8000,3.9000,4.0000
};

uint8_t step_num03=31;	
float Motor_Plan03[4][501]=
{{537.9795,538.2580,538.9638,540.4844,543.1199,547.0954,552.5701,559.6456,568.3710,578.7458,590.7219,604.2038,619.0489,635.0687,652.0308,669.6625,687.6573,705.6828,723.3911,740.4312,756.4626,771.1708,784.2823,795.5805,804.9208,812.2442,817.5899,821.1065,823.0601,823.8426,823.9771},
{-831.3217,-831.0541,-830.0861,-827.8253,-823.8138,-817.7129,-809.2891,-798.4034,-785.0028,-769.1141,-750.8405,-730.3579,-707.9121,-683.8145,-658.4359,-632.1988,-605.5663,-579.0290,-553.0897,-528.2458,-504.9712,-483.6961,-464.7873,-448.5287,-435.1022,-424.5698,-416.8567,-411.7372,-408.8203,-407.5388,-407.1373},
{-831.3593,-831.7117,-833.2484,-836.9540,-843.5728,-853.6253,-867.4261,-885.1016,-906.6087,-931.7538,-960.2130,-991.5523,-1025.2486,-1060.7105,-1097.2999,-1134.3525,-1171.1982,-1207.1812,-1241.6780,-1274.1150,-1303.9846,-1330.8592,-1354.4047,-1374.3923,-1390.7109,-1403.3790,-1412.5576,-1418.5652,-1421.8942,-1423.2287,-1423.4637},
{537.9717,537.6241,536.4716,533.8309,529.1880,522.1883,512.6268,500.4355,485.6700,468.4949,449.1665,428.0163,405.4322,381.8414,357.6922,333.4376,309.5204,286.3591,264.3369,243.7923,225.0112,208.2221,193.5910,181.2180,171.1331,163.2918,157.5685,153.7483,151.5160,150.4436,149.9755}
};
float t_plan03[31]=
{0.0000,0.1000,0.2000,0.3000,0.4000,0.5000,0.6000,0.7000,0.8000,0.9000,1.0000,1.1000,1.2000,1.3000,1.4000,1.5000,1.6000,1.7000,1.8000,1.9000,2.0000,2.1000,2.2000,2.3000,2.4000,2.5000,2.6000,2.7000,2.8000,2.9000,3.0000
};

uint8_t step_num04=51;	
float Motor_Plan04[4][501]=
{{823.9771,823.6397,822.7735,820.8818,817.5361,812.3745,805.1000,795.4785,783.3370,768.5609,751.0911,730.9208,708.0912,682.6875,654.8336,624.6859,592.4238,558.6738,523.5851,487.4671,450.2974,413.0270,375.1636,337.0273,298.9197,261.1279,223.9238,187.5619,152.2764,118.2793,85.7582,54.8755,25.7668,-1.4587,-26.7176,-49.9522,-71.1287,-90.2357,-107.2829,-122.2996,-135.3333,-146.4492,-155.7299,-163.2764,-169.2092,-173.6707,-176.8281,-178.8769,-180.0443,-180.5937,-180.8281},
{-407.1373,-406.8928,-406.4308,-405.5353,-404.0165,-401.7075,-398.4602,-394.1422,-388.6340,-381.8264,-373.6190,-363.9193,-352.6421,-339.7091,-325.0491,-308.5946,-290.2725,-269.1800,-245.3968,-219.5842,-192.3204,-165.6208,-137.6613,-108.4899,-78.2265,-47.0340,-15.1066,17.3363,50.0559,82.7989,115.3024,147.2993,178.5231,208.7134,237.6210,265.0126,290.6763,314.4257,336.1045,355.5906,372.7999,387.6894,400.2604,410.5610,418.6880,424.7892,429.0645,431.7674,433.2060,433.7441,433.8027},
{-1423.4637,-1423.2650,-1422.7353,-1421.5652,-1419.4827,-1416.2495,-1411.6556,-1405.5153,-1397.6635,-1387.9529,-1376.2523,-1362.4458,-1346.4333,-1328.1312,-1307.4739,-1284.4142,-1258.9222,-1231.3636,-1201.7201,-1170.1165,-1136.4065,-1101.3090,-1064.3077,-1025.6465,-985.5850,-944.4033,-902.4013,-859.8955,-817.2143,-774.6936,-732.6713,-691.4820,-651.4521,-612.8941,-576.1021,-541.3464,-508.8694,-478.8810,-451.5541,-427.0210,-405.3692,-386.6383,-370.8156,-357.8337,-347.5667,-339.8274,-334.3641,-330.8588,-328.9240,-328.1009,-327.8570},
{149.9755,149.5531,148.5140,146.2757,142.3351,136.2660,127.7161,116.4051,102.1211,84.7180,64.1113,40.2746,13.2347,-16.9340,-50.1154,-86.1615,-124.9102,-167.2562,-212.4587,-259.2914,-306.9911,-354.0725,-401.7911,-449.8836,-498.0437,-545.9523,-593.2904,-639.7466,-685.0234,-728.8417,-770.9450,-811.1026,-849.1124,-884.8026,-918.0331,-948.6960,-976.7158,-1002.0487,-1024.6817,-1044.6319,-1061.9453,-1076.6959,-1088.9858,-1098.9451,-1106.7329,-1112.5395,-1116.5885,-1119.1407,-1120.4979,-1121.0075,-1121.0666}
};
float t_plan04[51]=
{0.0000,0.1000,0.2000,0.3000,0.4000,0.5000,0.6000,0.7000,0.8000,0.9000,1.0000,1.1000,1.2000,1.3000,1.4000,1.5000,1.6000,1.7000,1.8000,1.9000,2.0000,2.1000,2.2000,2.3000,2.4000,2.5000,2.6000,2.7000,2.8000,2.9000,3.0000,3.1000,3.2000,3.3000,3.4000,3.5000,3.6000,3.7000,3.8000,3.9000,4.0000,4.1000,4.2000,4.3000,4.4000,4.5000,4.6000,4.7000,4.8000,4.9000,5.0000
};

uint8_t step_num05=51;	
float Motor_Plan05[4][501]=
{{-180.8281,-181.0896,-181.8189,-183.4501,-186.3599,-190.8695,-197.2876,-206.1124,-217.2642,-230.8687,-247.0312,-265.6586,-286.6192,-309.8277,-334.6820,-361.2083,-389.5864,-419.6515,-451.2115,-484.0535,-517.9481,-552.6540,-587.9219,-623.4983,-659.1292,-694.5640,-729.5586,-763.8789,-797.3036,-829.6271,-860.6614,-890.2384,-918.2111,-944.4545,-968.8661,-991.3652,-1011.8923,-1030.6295,-1047.5294,-1062.4497,-1075.4198,-1086.5450,-1095.8765,-1103.4617,-1109.4648,-1114.0228,-1117.2314,-1119.2927,-1120.4409,-1120.9458,-1121.1165},
{433.8027,433.5990,432.9970,431.6288,429.1761,425.3689,419.9989,413.0013,404.1519,393.3656,380.6450,366.0047,349.4105,330.9220,310.8662,289.2556,266.0772,241.4957,215.6916,188.8588,161.2016,132.9307,104.2609,75.4065,46.5791,17.9840,-10.1826,-37.7363,-64.5064,-90.3383,-115.0945,-138.6562,-160.9239,-181.8181,-201.2800,-219.2722,-235.7820,-251.3993,-265.8457,-278.6726,-289.8922,-299.4571,-307.3625,-313.7591,-318.6627,-322.2135,-324.7230,-326.3517,-327.2826,-327.7246,-327.9158},
{-327.8570,-327.6638,-327.2197,-326.2865,-324.6547,-322.1412,-318.5543,-313.5301,-307.1213,-299.2008,-289.6259,-278.4060,-265.5798,-251.1353,-235.7259,-219.2333,-201.2533,-181.8008,-160.9141,-138.6527,-115.0965,-90.3452,-64.5177,-37.7516,-10.2017,17.9614,46.5530,75.3769,104.2278,132.8942,161.1614,188.8149,215.6434,241.4429,266.0192,289.1913,310.7938,330.9208,349.4097,366.0043,380.6452,393.3659,404.1533,413.0035,420.0575,425.4410,429.2470,431.6989,433.0665,433.6679,433.8712},
{-1121.0666,-1120.8948,-1120.3887,-1119.2393,-1117.1764,-1113.9658,-1109.4190,-1103.4659,-1095.8811,-1086.5500,-1075.4245,-1062.4546,-1047.5346,-1030.6349,-1011.9629,-991.4285,-968.9240,-944.5081,-918.2611,-890.2853,-860.7055,-829.6687,-797.3428,-763.9158,-729.5932,-694.5962,-659.1589,-623.5254,-587.9461,-552.6750,-517.9654,-484.0664,-451.2193,-419.6529,-389.5797,-361.1908,-334.6489,-309.6218,-286.3900,-265.4056,-246.7546,-230.5805,-216.9752,-205.8233,-197.1451,-190.7719,-186.2657,-183.3584,-181.7290,-181.0012,-180.7411}
};
float t_plan05[51]=
{0.0000,0.1000,0.2000,0.3000,0.4000,0.5000,0.6000,0.7000,0.8000,0.9000,1.0000,1.1000,1.2000,1.3000,1.4000,1.5000,1.6000,1.7000,1.8000,1.9000,2.0000,2.1000,2.2000,2.3000,2.4000,2.5000,2.6000,2.7000,2.8000,2.9000,3.0000,3.1000,3.2000,3.3000,3.4000,3.5000,3.6000,3.7000,3.8000,3.9000,4.0000,4.1000,4.2000,4.3000,4.4000,4.5000,4.6000,4.7000,4.8000,4.9000,5.0000
};

uint8_t step_num06=31;	
float Motor_Plan06[4][501]=
{{-1121.1165,-1120.6014,-1118.4690,-1113.3739,-1104.2930,-1090.4992,-1071.5357,-1047.1916,-1017.4771,-982.6010,-942.9469,-899.0513,-851.5799,-801.3047,-749.0794,-695.8154,-642.4563,-589.9517,-539.2317,-491.1795,-446.6050,-406.2178,-370.5998,-340.1786,-315.2007,-295.7044,-281.4944,-272.1144,-266.8221,-264.5596,-263.7898},
{-327.9158,-327.8219,-327.8604,-328.1128,-328.6248,-329.3990,-330.3899,-331.5049,-332.6084,-333.5330,-334.0928,-334.1009,-333.3869,-331.8145,-329.2961,-325.8041,-321.3771,-316.1203,-310.2004,-303.8348,-297.2762,-290.7938,-284.6529,-279.0930,-274.3087,-270.4322,-267.5198,-265.5431,-264.3844,-263.8337,-263.6391},
{433.8712,433.3561,431.4443,426.9616,419.0212,407.0046,390.5415,369.4888,343.9080,314.0415,280.2879,243.1762,203.3393,161.4879,118.3839,74.8149,31.5691,-10.5875,-50.9327,-88.8083,-123.6364,-154.9358,-182.3352,-205.5864,-224.5766,-239.3414,-250.0800,-257.1720,-261.1975,-262.9619,-263.6577},
{-180.7411,-180.9392,-181.5003,-182.7364,-184.8693,-188.0290,-192.2533,-197.4919,-203.6157,-210.4303,-217.6927,-225.1319,-232.4695,-239.4405,-245.8123,-251.4002,-256.0784,-259.7859,-262.5270,-264.3658,-265.4159,-265.8270,-265.7683,-265.4121,-264.9170,-264.4155,-264.0041,-263.7391,-263.6382,-263.6889,-263.8085}
};
float t_plan06[31]=
{0.0000,0.1000,0.2000,0.3000,0.4000,0.5000,0.6000,0.7000,0.8000,0.9000,1.0000,1.1000,1.2000,1.3000,1.4000,1.5000,1.6000,1.7000,1.8000,1.9000,2.0000,2.1000,2.2000,2.3000,2.4000,2.5000,2.6000,2.7000,2.8000,2.9000,3.0000
};

