float winch_sc_pose1[2][61]=
{{0.0000,-0.0800,-0.1513,-0.2140,-0.2682,-0.3140,-0.3514,-0.3809,-0.4019,-0.4154,-0.4211,-0.4193,-0.4103,-0.3941,-0.3718,-0.3431,-0.3076,-0.2666,-0.2203,-0.1690,-0.1130,-0.0526,0.0117,0.0796,0.1507,0.2245,0.3007,0.3788,0.4581,0.5400,0.6248,0.7066,0.7846,0.8622,0.9320,1.0052,1.0794,1.1511,1.2198,1.2851,1.3466,1.4037,1.4563,1.5037,1.5457,1.5818,1.6117,1.6350,1.6515,1.6608,1.6627,1.6569,1.6432,1.6214,1.5914,1.5530,1.5062,1.4508,1.3870,1.3147,1.2504},
{0.0000,-0.0774,-0.1464,-0.2071,-0.2595,-0.3039,-0.3400,-0.3685,-0.3889,-0.4020,-0.4074,-0.4057,-0.3970,-0.3813,-0.3598,-0.3321,-0.2977,-0.2580,-0.2132,-0.1635,-0.1093,-0.0509,0.0113,0.0770,0.1457,0.2171,0.2908,0.3663,0.4429,0.5222,0.6043,0.6834,0.7585,0.8332,0.9000,0.9705,1.0421,1.1112,1.1775,1.2405,1.2998,1.3549,1.4056,1.4514,1.4919,1.5267,1.5556,1.5781,1.5940,1.6030,1.6049,1.5993,1.5861,1.5651,1.5361,1.4991,1.4539,1.4006,1.3390,1.2692,1.2083}
};
float winch_sc_pose2[2][61]=
{{1.2504,1.2992,1.3575,1.4089,1.4532,1.4907,1.5213,1.5452,1.5624,1.5731,1.5775,1.5758,1.5681,1.5546,1.5357,1.5115,1.4823,1.4484,1.4101,1.3677,1.3216,1.2719,1.2192,1.1636,1.1057,1.0456,0.9839,0.9207,0.8566,0.7918,0.7286,0.6616,0.5983,0.5339,0.4698,0.4072,0.3465,0.2879,0.2328,0.1861,0.1376,0.0923,0.0509,0.0136,-0.0193,-0.0476,-0.0709,-0.0891,-0.1018,-0.1088,-0.1099,-0.1050,-0.0938,-0.0762,-0.0521,-0.0233,0.0069,0.0488,0.1005,0.1612,0.2301},
{1.2083,1.2982,1.3937,1.4777,1.5503,1.6117,1.6619,1.7010,1.7293,1.7470,1.7544,1.7517,1.7393,1.7175,1.6868,1.6474,1.6000,1.5448,1.4824,1.4134,1.3381,1.2572,1.1711,1.0805,0.9859,0.8878,0.7869,0.6837,0.5788,0.4728,0.3701,0.2598,0.1588,0.0566,-0.0471,-0.1483,-0.2466,-0.3413,-0.4324,-0.5204,-0.6006,-0.6750,-0.7431,-0.8045,-0.8587,-0.9052,-0.9436,-0.9734,-0.9943,-1.0058,-1.0076,-0.9994,-0.9809,-0.9519,-0.9121,-0.8614,-0.7994,-0.7257,-0.6407,-0.5447,-0.4388}
};
float winch_sc_pose3[2][61]=
{{0.2338,0.1811,0.1301,0.0881,0.0549,0.0321,0.0145,-0.0040,-0.0175,-0.0261,-0.0299,-0.0290,-0.0237,-0.0139,0.0000,0.0179,0.0397,0.0650,0.0936,0.1254,0.1601,0.1897,0.2307,0.2739,0.3190,0.3658,0.4140,0.4634,0.5136,0.5643,0.6145,0.6615,0.7108,0.7598,0.8079,0.8550,0.9008,0.9449,0.9871,1.0272,1.0649,1.1000,1.1321,1.1611,1.1868,1.2088,1.2271,1.2414,1.2515,1.2572,1.2585,1.2550,1.2468,1.2336,1.2154,1.1921,1.1635,1.1298,1.0907,1.0613,1.0134},
{-0.4407,-0.5327,-0.6150,-0.6890,-0.7535,-0.8083,-0.8530,-0.8878,-0.9132,-0.9294,-0.9366,-0.9351,-0.9250,-0.9068,-0.8807,-0.8472,-0.8065,-0.7591,-0.7054,-0.6457,-0.5807,-0.5077,-0.4325,-0.3533,-0.2705,-0.1847,-0.0962,-0.0057,0.0866,0.1796,0.2712,0.3577,0.4498,0.5412,0.6311,0.7190,0.8043,0.8866,0.9654,1.0401,1.1103,1.1756,1.2355,1.2895,1.3372,1.3783,1.4123,1.4388,1.4575,1.4681,1.4702,1.4637,1.4482,1.4234,1.3893,1.3456,1.2923,1.2291,1.1560,1.0876,0.9971}
};
float winch_sc_pose4[2][61]=
{{1.0134,1.0779,1.1506,1.2146,1.2700,1.3169,1.3552,1.3852,1.4070,1.4206,1.4264,1.4246,1.4153,1.3989,1.3756,1.3458,1.3098,1.2680,1.2207,1.1683,1.1111,1.0497,0.9844,0.9156,0.8437,0.7692,0.6925,0.6199,0.5379,0.4548,0.3716,0.2887,0.2063,0.1246,0.0446,-0.0323,-0.1108,-0.1841,-0.2550,-0.3249,-0.3822,-0.4395,-0.4910,-0.5401,-0.6101,-0.6463,-0.6761,-0.6991,-0.7150,-0.7236,-0.7246,-0.7177,-0.7027,-0.6795,-0.6478,-0.6076,-0.5586,-0.5008,-0.4341,-0.3585,-0.2741},
{0.9970,1.1177,1.2409,1.3494,1.4433,1.5227,1.5878,1.6386,1.6755,1.6987,1.7086,1.7055,1.6899,1.6622,1.6230,1.5727,1.5118,1.4411,1.3612,1.2725,1.1760,1.0721,0.9616,0.8452,0.7236,0.5975,0.4677,0.3454,0.2092,0.0708,-0.0689,-0.2078,-0.3457,-0.4821,-0.6162,-0.7473,-0.8748,-0.9978,-1.1156,-1.2282,-1.3318,-1.4291,-1.5181,-1.5992,-1.6806,-1.7422,-1.7931,-1.8327,-1.8606,-1.8762,-1.8791,-1.8688,-1.8451,-1.8074,-1.7556,-1.6895,-1.6087,-1.5132,-1.4029,-1.2778,-1.1378}
};
float winch_sc_pose5[2][61]=
{{-0.2741,-0.3327,-0.3851,-0.4313,-0.4713,-0.5051,-0.5329,-0.5547,-0.5707,-0.5809,-0.5856,-0.5848,-0.5789,-0.5678,-0.5519,-0.5313,-0.5063,-0.4770,-0.4438,-0.4068,-0.3664,-0.3227,-0.2760,-0.2267,-0.1722,-0.1123,-0.0542,-0.0040,0.0625,0.1200,0.1780,0.2355,0.2926,0.3491,0.4052,0.4598,0.5128,0.5643,0.6104,0.6553,0.6921,0.7311,0.7668,0.7990,0.8274,0.8517,0.8718,0.8873,0.8981,0.9041,0.9049,0.9005,0.8907,0.8754,0.8544,0.8277,0.7953,0.7569,0.7128,0.6627,0.6069},
{-1.1378,-1.2394,-1.3302,-1.4101,-1.4792,-1.5375,-1.5853,-1.6226,-1.6497,-1.6668,-1.6741,-1.6719,-1.6605,-1.6402,-1.6114,-1.5745,-1.5299,-1.4779,-1.4190,-1.3537,-1.2824,-1.2056,-1.1238,-1.0375,-0.9467,-0.8522,-0.7560,-0.6579,-0.5584,-0.4579,-0.3571,-0.2560,-0.1554,-0.0545,0.0431,0.1382,0.2307,0.3207,0.4017,0.4810,0.5490,0.6188,0.6827,0.7403,0.7911,0.8346,0.8706,0.8984,0.9178,0.9285,0.9300,0.9222,0.9046,0.8772,0.8397,0.7919,0.7338,0.6652,0.5861,0.4965,0.3965}
};
float winch_sc_pose6[2][61]=
{{0.6069,0.6147,0.6216,0.6277,0.6330,0.6375,0.6412,0.6441,0.6462,0.6475,0.6481,0.6480,0.6471,0.6456,0.6435,0.6407,0.6373,0.6333,0.6289,0.6271,0.6185,0.6126,0.6064,0.6014,0.5977,0.5914,0.5834,0.5752,0.5647,0.5568,0.5501,0.5416,0.5332,0.5249,0.5167,0.5088,0.5011,0.4936,0.4863,0.4794,0.4729,0.4668,0.4612,0.4561,0.4527,0.4490,0.4459,0.4435,0.4418,0.4408,0.4407,0.4413,0.4427,0.4450,0.4481,0.4521,0.4554,0.4612,0.4681,0.4755,0.4855},
{0.3965,0.4312,0.4623,0.4896,0.5133,0.5334,0.5499,0.5628,0.5722,0.5782,0.5808,0.5802,0.5765,0.5697,0.5601,0.5476,0.5325,0.5149,0.4950,0.4771,0.4487,0.4227,0.3950,0.3684,0.3437,0.3142,0.2813,0.2477,0.2076,0.1734,0.1443,0.1094,0.0747,0.0404,0.0052,-0.0269,-0.0582,-0.0884,-0.1173,-0.1447,-0.1705,-0.1944,-0.2164,-0.2362,-0.2555,-0.2706,-0.2831,-0.2927,-0.2995,-0.3031,-0.3037,-0.3009,-0.2948,-0.2853,-0.2722,-0.2555,-0.2324,-0.2080,-0.1804,-0.1477,-0.1176}
};
float winch_sc_pose7[2][61]=
{{0.4855,0.5028,0.5193,0.5339,0.5461,0.5567,0.5654,0.5722,0.5772,0.5804,0.5819,0.5836,0.5809,0.5775,0.5733,0.5660,0.5580,0.5487,0.5375,0.5258,0.5129,0.4983,0.4828,0.4693,0.4546,0.4385,0.4270,0.4038,0.3878,0.3710,0.3597,0.3425,0.3199,0.3026,0.2886,0.2756,0.2538,0.2380,0.2187,0.2057,0.1914,0.1813,0.1674,0.1591,0.1488,0.1402,0.1331,0.1278,0.1242,0.1224,0.1224,0.1243,0.1280,0.1339,0.1416,0.1510,0.1627,0.1760,0.1911,0.2081,0.2210},
{-0.1176,-0.0552,-0.0033,0.0426,0.0791,0.1127,0.1401,0.1616,0.1773,0.1873,0.1919,0.1967,0.1885,0.1777,0.1648,0.1418,0.1172,0.0883,0.0514,0.0147,-0.0231,-0.0605,-0.1070,-0.1645,-0.2186,-0.2717,-0.3330,-0.3810,-0.4392,-0.4970,-0.5586,-0.6158,-0.6699,-0.7263,-0.7830,-0.8383,-0.8889,-0.9395,-0.9870,-1.0334,-1.0764,-1.1170,-1.1534,-1.1869,-1.2161,-1.2412,-1.2620,-1.2782,-1.2897,-1.2962,-1.2975,-1.2935,-1.2840,-1.2689,-1.2481,-1.2214,-1.1888,-1.1503,-1.1056,-1.0550,-0.9969}
};
float winch_sc_pose8[2][61]=
{{0.2259,0.1822,0.1490,0.1218,0.0954,0.0687,0.0476,0.0326,0.0216,0.0146,0.0115,0.0120,0.0162,0.0238,0.0348,0.0490,0.0662,0.0864,0.1092,0.1377,0.1667,0.1965,0.2249,0.2566,0.2886,0.3273,0.3627,0.3989,0.4358,0.4731,0.5106,0.5481,0.5855,0.6224,0.6587,0.6942,0.7287,0.7619,0.7937,0.8239,0.8522,0.8785,0.9026,0.9243,0.9435,0.9600,0.9735,0.9841,0.9915,0.9956,0.9962,0.9933,0.9868,0.9766,0.9626,0.9447,0.9230,0.8972,0.8675,0.8338,0.7962},
{-0.9980,-0.9887,-0.9817,-0.9758,-0.9703,-0.9653,-0.9615,-0.9586,-0.9566,-0.9553,-0.9547,-0.9549,-0.9557,-0.9572,-0.9593,-0.9620,-0.9654,-0.9694,-0.9739,-0.9795,-0.9855,-0.9918,-0.9978,-1.0045,-1.0112,-1.0199,-1.0275,-1.0352,-1.0431,-1.0511,-1.0591,-1.0671,-1.0751,-1.0829,-1.0906,-1.0982,-1.1055,-1.1125,-1.1192,-1.1256,-1.1316,-1.1371,-1.1422,-1.1468,-1.1508,-1.1543,-1.1571,-1.1593,-1.1608,-1.1616,-1.1618,-1.1611,-1.1597,-1.1575,-1.1545,-1.1507,-1.1461,-1.1406,-1.1343,-1.1272,-1.1192}
};
float winch_sc_pose9[2][61]=
{{0.7962,0.7648,0.7368,0.7122,0.6908,0.6728,0.6580,0.6464,0.6331,0.6305,0.6283,0.6283,0.6279,0.6374,0.6456,0.6539,0.6661,0.6811,0.6992,0.7194,0.7415,0.7669,0.7815,0.7998,0.8294,0.8600,0.8916,0.9239,0.9567,0.9899,1.0232,1.0565,1.0896,1.1223,1.1544,1.1858,1.2162,1.2455,1.2735,1.3001,1.3250,1.3481,1.3691,1.3879,1.4045,1.4187,1.4304,1.4395,1.4458,1.4493,1.4498,1.4474,1.4393,1.4330,1.4210,1.4055,1.3870,1.3649,1.3394,1.3105,1.2784},
{-1.1192,-1.1845,-1.2428,-1.2942,-1.3387,-1.3762,-1.4070,-1.4311,-1.4463,-1.4586,-1.4633,-1.4616,-1.4525,-1.4409,-1.4220,-1.3967,-1.3671,-1.3329,-1.2947,-1.2524,-1.2063,-1.1576,-1.0972,-1.0344,-0.9761,-0.9157,-0.8534,-0.7898,-0.7251,-0.6597,-0.5940,-0.5283,-0.4630,-0.3985,-0.3352,-0.2733,-0.2133,-0.1555,-0.1003,-0.0481,-0.0003,0.0439,0.0843,0.1206,0.1526,0.1799,0.2024,0.2197,0.2317,0.2381,0.2387,0.2333,0.2046,0.2038,0.1794,0.1470,0.1105,0.0658,0.0142,-0.0447,-0.1123}
};
float winch_sc_pose10[2][61]=
{{1.2783,1.3743,1.4603,1.5361,1.6018,1.6573,1.7028,1.7384,1.7643,1.7807,1.7877,1.7858,1.7747,1.7560,1.7286,1.6934,1.6514,1.6021,1.5459,1.4836,1.4157,1.3427,1.2649,1.1829,1.0973,1.0085,0.9170,0.8234,0.7281,0.6426,0.5475,0.4526,0.3594,0.2695,0.1713,0.0783,-0.0161,-0.1048,-0.1852,-0.2612,-0.3326,-0.3989,-0.4595,-0.5140,-0.5621,-0.6034,-0.6373,-0.6637,-0.6820,-0.6921,-0.6935,-0.6861,-0.6694,-0.6435,-0.6079,-0.5625,-0.5073,-0.4421,-0.3667,-0.2813,-0.1787},
{-0.1118,-0.0586,-0.0121,0.0284,0.0632,0.0927,0.1168,0.1357,0.1497,0.1589,0.1636,0.1638,0.1561,0.1520,0.1379,0.1197,0.1056,0.0829,0.0536,0.0211,-0.0146,-0.0531,-0.0942,-0.1378,-0.1834,-0.2309,-0.2801,-0.3305,-0.3820,-0.4498,-0.5007,-0.5518,-0.6031,-0.6543,-0.7011,-0.7491,-0.7965,-0.8434,-0.8881,-0.9303,-0.9699,-1.0066,-1.0401,-1.0703,-1.0968,-1.1196,-1.1384,-1.1529,-1.1631,-1.1687,-1.1695,-1.1655,-1.1565,-1.1424,-1.1230,-1.0983,-1.0681,-1.0325,-0.9914,-0.9448,-0.8911}
};
float winch_sc_pose11[2][61]=
{{-0.1843,-0.2232,-0.2568,-0.2864,-0.3121,-0.3339,-0.3518,-0.3659,-0.3762,-0.3828,-0.3859,-0.3854,-0.3816,-0.3744,-0.3642,-0.3509,-0.3348,-0.3159,-0.2946,-0.2708,-0.2448,-0.2168,-0.1869,-0.1540,-0.1169,-0.0880,-0.0401,-0.0065,0.0331,0.0695,0.1064,0.1450,0.1841,0.2162,0.2508,0.2859,0.3183,0.3504,0.3813,0.4106,0.4382,0.4637,0.4871,0.5082,0.5268,0.5428,0.5560,0.5663,0.5735,0.5775,0.5782,0.5755,0.5692,0.5594,0.5458,0.5286,0.5076,0.4827,0.4539,0.4210,0.3845},
{-0.8923,-0.9509,-1.0031,-1.0491,-1.0890,-1.1228,-1.1504,-1.1721,-1.1879,-1.1980,-1.2024,-1.2013,-1.1949,-1.1835,-1.1671,-1.1460,-1.1204,-1.0906,-1.0569,-1.0194,-0.9785,-0.9345,-0.8876,-0.8380,-0.7856,-0.7329,-0.6767,-0.6208,-0.5641,-0.5067,-0.4492,-0.3923,-0.3370,-0.2786,-0.2226,-0.1696,-0.1151,-0.0639,-0.0153,0.0306,0.0738,0.1140,0.1507,0.1838,0.2131,0.2382,0.2589,0.2750,0.2863,0.2925,0.2936,0.2892,0.2794,0.2639,0.2426,0.2156,0.1826,0.1438,0.0989,0.0467,-0.0114}
};
float winch_sc_pose12[2][61]=
{{0.3845,0.3614,0.3410,0.3231,0.3077,0.2947,0.2840,0.2757,0.2697,0.2659,0.2642,0.2647,0.2672,0.2716,0.2779,0.2861,0.2959,0.3074,0.3204,0.3349,0.3507,0.3678,0.3861,0.4054,0.4257,0.4466,0.4658,0.4881,0.5073,0.5306,0.5569,0.5824,0.6052,0.6161,0.6402,0.6579,0.6780,0.6973,0.7158,0.7333,0.7498,0.7651,0.7790,0.7916,0.8028,0.8123,0.8202,0.8262,0.8306,0.8328,0.8332,0.8315,0.8278,0.8219,0.8337,0.8174,0.8113,0.7960,0.7783,0.7582,0.7360},
{-0.0114,0.0380,0.0821,0.1209,0.1544,0.1827,0.2059,0.2241,0.2373,0.2457,0.2494,0.2486,0.2433,0.2337,0.2201,0.2026,0.1813,0.1565,0.1284,0.0972,0.0631,0.0263,-0.0129,-0.0544,-0.0979,-0.1422,-0.1823,-0.2309,-0.2731,-0.3237,-0.3784,-0.4310,-0.4794,-0.5136,-0.5637,-0.6061,-0.6505,-0.6934,-0.7343,-0.7732,-0.8097,-0.8436,-0.8747,-0.9027,-0.9274,-0.9486,-0.9661,-0.9797,-0.9893,-0.9945,-0.9953,-0.9917,-0.9833,-0.9702,-0.9691,-0.9411,-0.9190,-0.8858,-0.8476,-0.8042,-0.7560}
};
float winch_sc_pose13[2][61]=
{{0.7360,0.7091,0.6848,0.6616,0.6386,0.6193,0.6093,0.5989,0.5961,0.5914,0.5846,0.5671,0.5859,0.5816,0.5903,0.6126,0.6248,0.6349,0.6448,0.6672,0.6861,0.7070,0.7263,0.7515,0.7760,0.8025,0.8297,0.8593,0.8858,0.9142,0.9425,0.9707,0.9983,1.0257,1.0518,1.0772,1.1016,1.1248,1.1468,1.1674,1.1866,1.2041,1.2205,1.2357,1.2491,1.2607,1.2702,1.2776,1.2828,1.2857,1.2861,1.2841,1.2796,1.2724,1.2626,1.2501,1.2348,1.2168,1.1960,1.1724,1.1460},
{-0.7560,-0.8404,-0.9155,-0.9806,-1.0352,-1.0818,-1.1234,-1.1545,-1.1795,-1.1938,-1.1977,-1.1877,-1.1858,-1.1644,-1.1410,-1.1169,-1.0802,-1.0350,-0.9825,-0.9314,-0.8721,-0.8085,-0.7380,-0.6680,-0.5929,-0.5162,-0.4374,-0.3611,-0.2754,-0.1932,-0.1107,-0.0284,0.0518,0.1356,0.2126,0.2895,0.3641,0.4359,0.5045,0.5693,0.6303,0.6867,0.7390,0.7871,0.8295,0.8659,0.8959,0.9191,0.9354,0.9444,0.9457,0.9392,0.9247,0.9019,0.8706,0.8308,0.7822,0.7250,0.6589,0.5839,0.5002}
};
float winch_sc_pose14[2][61]=
{{1.1460,1.1702,1.1918,1.2109,1.2274,1.2413,1.2527,1.2617,1.2682,1.2723,1.2741,1.2736,1.2709,1.2660,1.2592,1.2503,1.2396,1.2272,1.2131,1.1975,1.1804,1.1621,1.1426,1.1220,1.1005,1.0782,1.0552,1.0317,1.0078,0.9836,0.9593,0.9351,0.9109,0.8871,0.8636,0.8407,0.8185,0.7971,0.7767,0.7573,0.7391,0.7222,0.7067,0.6927,0.6804,0.6737,0.6650,0.6582,0.6537,0.6470,0.6465,0.6483,0.6524,0.6589,0.6678,0.6792,0.6931,0.7095,0.7285,0.7500,0.7740},
{0.5002,0.4973,0.4947,0.4925,0.4905,0.4888,0.4874,0.4863,0.4855,0.4849,0.4846,0.4845,0.4847,0.4852,0.4859,0.4868,0.4879,0.4892,0.4907,0.4923,0.4942,0.4961,0.4983,0.5005,0.5029,0.5054,0.5079,0.5105,0.5132,0.5159,0.5187,0.5214,0.5242,0.5269,0.5296,0.5322,0.5348,0.5373,0.5396,0.5419,0.5440,0.5460,0.5478,0.5494,0.5509,0.5567,0.5577,0.5584,0.5591,0.5547,0.5547,0.5544,0.5539,0.5530,0.5519,0.5504,0.5487,0.5466,0.5442,0.5415,0.5385}
};
float winch_sc_pose15[2][61]=
{{0.7740,0.7584,0.7444,0.7321,0.7215,0.7125,0.7051,0.6993,0.6952,0.6955,0.6954,0.6953,0.7005,0.6972,0.7080,0.7127,0.7154,0.7282,0.7367,0.7464,0.7542,0.7662,0.7808,0.7948,0.8076,0.8201,0.8348,0.8496,0.8647,0.8798,0.8949,0.9100,0.9247,0.9392,0.9533,0.9669,0.9801,0.9931,1.0045,1.0157,1.0261,1.0356,1.0443,1.0521,1.0589,1.0647,1.0694,1.0730,1.0755,1.0767,1.0768,1.0756,1.0732,1.0694,1.0642,1.0577,1.0498,1.0404,1.0296,1.0173,1.0035},
{0.5385,0.5925,0.6409,0.6835,0.7204,0.7517,0.7774,0.7975,0.8122,0.8240,0.8290,0.8278,0.8249,0.8091,0.7996,0.7795,0.7524,0.7298,0.6987,0.6643,0.6236,0.5837,0.5439,0.5007,0.4526,0.4011,0.3512,0.3001,0.2483,0.1960,0.1435,0.0916,0.0390,-0.0129,-0.0628,-0.1120,-0.1596,-0.2080,-0.2495,-0.2910,-0.3300,-0.3662,-0.3993,-0.4290,-0.4552,-0.4777,-0.4961,-0.5103,-0.5201,-0.5253,-0.5258,-0.5214,-0.5119,-0.4973,-0.4773,-0.4519,-0.4211,-0.3847,-0.3428,-0.2952,-0.2420}
};
float winch_sc_pose16[2][61]=
{{1.0035,1.0311,1.0542,1.0753,1.0936,1.1090,1.1221,1.1321,1.1388,1.1434,1.1454,1.1449,1.1420,1.1367,1.1291,1.1195,1.1077,1.0941,1.0786,1.0614,1.0427,1.0231,1.0010,0.9784,0.9548,0.9315,0.9061,0.8801,0.8537,0.8270,0.7994,0.7727,0.7470,0.7209,0.6951,0.6699,0.6456,0.6220,0.5994,0.5776,0.5574,0.5387,0.5216,0.5064,0.4928,0.4811,0.4715,0.4640,0.4588,0.4559,0.4554,0.4575,0.4620,0.4692,0.4792,0.4919,0.5073,0.5257,0.5465,0.5703,0.5969},
{-0.2420,-0.2526,-0.2557,-0.2613,-0.2661,-0.2701,-0.2751,-0.2777,-0.2775,-0.2785,-0.2789,-0.2787,-0.2778,-0.2762,-0.2740,-0.2713,-0.2681,-0.2642,-0.2599,-0.2553,-0.2500,-0.2470,-0.2386,-0.2323,-0.2258,-0.2242,-0.2168,-0.2090,-0.2011,-0.1934,-0.1819,-0.1743,-0.1708,-0.1639,-0.1566,-0.1492,-0.1432,-0.1361,-0.1292,-0.1209,-0.1146,-0.1088,-0.1034,-0.0998,-0.0955,-0.0919,-0.0889,-0.0866,-0.0850,-0.0841,-0.0840,-0.0846,-0.0858,-0.0878,-0.0913,-0.0951,-0.0997,-0.1058,-0.1109,-0.1177,-0.1253}
};
float winch_sc_pose17[2][61]=
{{0.5969,0.5764,0.5581,0.5417,0.5276,0.5157,0.5059,0.4985,0.4929,0.4894,0.4879,0.4883,0.4905,0.4945,0.5003,0.5084,0.5173,0.5276,0.5392,0.5522,0.5668,0.5815,0.5983,0.6140,0.6317,0.6523,0.6706,0.6882,0.7079,0.7278,0.7478,0.7678,0.7877,0.8074,0.8268,0.8457,0.8641,0.8818,0.8987,0.9148,0.9299,0.9440,0.9569,0.9685,0.9787,0.9875,0.9948,1.0005,1.0045,1.0067,1.0071,1.0057,1.0023,0.9970,0.9897,0.9803,0.9688,0.9552,0.9395,0.9217,0.9018},
{-0.1252,-0.0775,-0.0363,0.0021,0.0353,0.0635,0.0866,0.1060,0.1191,0.1275,0.1311,0.1304,0.1252,0.1158,0.1024,0.0886,0.0680,0.0438,0.0136,-0.0167,-0.0540,-0.0835,-0.1251,-0.1600,-0.2023,-0.2522,-0.2955,-0.3378,-0.3849,-0.4326,-0.4806,-0.5286,-0.5763,-0.6235,-0.6699,-0.7153,-0.7593,-0.8018,-0.8424,-0.8810,-0.9172,-0.9508,-0.9817,-1.0095,-1.0340,-1.0551,-1.0725,-1.0861,-1.0956,-1.1010,-1.1020,-1.0984,-1.0903,-1.0774,-1.0597,-1.0371,-1.0094,-0.9767,-0.9390,-0.8961,-0.8482}
};
float winch_sc_pose18[2][61]=
{{0.9018,0.8970,0.8927,0.8889,0.8856,0.8828,0.8806,0.8788,0.8784,0.8777,0.8773,0.8764,0.8769,0.8778,0.8791,0.8809,0.8829,0.8853,0.8881,0.8911,0.8944,0.8980,0.9018,0.9058,0.9100,0.9143,0.9188,0.9234,0.9280,0.9327,0.9374,0.9421,0.9468,0.9515,0.9560,0.9604,0.9647,0.9689,0.9728,0.9766,0.9801,0.9833,0.9863,0.9891,0.9914,0.9934,0.9951,0.9963,0.9972,0.9976,0.9977,0.9973,0.9964,0.9952,0.9934,0.9912,0.9886,0.9854,0.9818,0.9778,0.9733},
{-0.8482,-0.8890,-0.9255,-0.9576,-0.9854,-1.0089,-1.0282,-1.0432,-1.0549,-1.0619,-1.0648,-1.0632,-1.0587,-1.0506,-1.0390,-1.0242,-1.0063,-0.9855,-0.9619,-0.9357,-0.9071,-0.8763,-0.8435,-0.8089,-0.7728,-0.7353,-0.6967,-0.6571,-0.6169,-0.5762,-0.5353,-0.4944,-0.4538,-0.4135,-0.3740,-0.3354,-0.2979,-0.2618,-0.2273,-0.1945,-0.1638,-0.1352,-0.1091,-0.0862,-0.0661,-0.0489,-0.0353,-0.0243,-0.0164,-0.0124,-0.0121,-0.0155,-0.0231,-0.0345,-0.0498,-0.0691,-0.0929,-0.1210,-0.1533,-0.1900,-0.2311}
};
float winch_sc_pose19[2][61]=
{{0.9733,0.9846,0.9948,1.0038,1.0116,1.0182,1.0237,1.0280,1.0311,1.0331,1.0340,1.0340,1.0328,1.0307,1.0275,1.0234,1.0184,1.0124,1.0057,0.9982,0.9900,0.9812,0.9717,0.9618,0.9513,0.9405,0.9293,0.9179,0.9062,0.8944,0.8824,0.8705,0.8586,0.8468,0.8352,0.8239,0.8248,0.8263,0.8173,0.8088,0.8010,0.7954,0.7895,0.7832,0.7778,0.7730,0.7759,0.7730,0.7709,0.7696,0.7694,0.7701,0.7717,0.7745,0.7782,0.7830,0.7889,0.7959,0.8039,0.8131,0.8233},
{-0.2311,-0.1718,-0.1189,-0.0722,-0.0321,0.0021,0.0304,0.0526,0.0680,0.0787,0.0833,0.0839,0.0782,0.0675,0.0519,0.0313,0.0070,-0.0228,-0.0567,-0.0943,-0.1353,-0.1795,-0.2267,-0.2764,-0.3284,-0.3824,-0.4381,-0.4950,-0.5531,-0.6117,-0.6708,-0.7299,-0.7886,-0.8468,-0.9040,-0.9598,-1.0236,-1.0845,-1.1344,-1.1818,-1.2265,-1.2690,-1.3074,-1.3415,-1.3717,-1.3975,-1.4227,-1.4393,-1.4511,-1.4576,-1.4589,-1.4546,-1.4447,-1.4289,-1.4072,-1.3794,-1.3455,-1.3054,-1.2591,-1.2065,-1.1475}
};
float winch_sc_pose20[2][61]=
{{0.8233,0.8916,0.9525,1.0062,1.0527,1.0920,1.1242,1.1494,1.1678,1.1794,1.1846,1.1833,1.1760,1.1627,1.1436,1.1192,1.0896,1.0551,1.0159,0.9725,0.9252,0.8742,0.8198,0.7625,0.7026,0.6405,0.5765,0.5109,0.4442,0.3767,0.3089,0.2410,0.1627,0.0944,0.0260,-0.0437,-0.1093,-0.1688,-0.2258,-0.2797,-0.3304,-0.3775,-0.4206,-0.4594,-0.4936,-0.5229,-0.5471,-0.5659,-0.5790,-0.5862,-0.5872,-0.5819,-0.5701,-0.5517,-0.5264,-0.4943,-0.4551,-0.4089,-0.3556,-0.2952,-0.2277},
{-1.1475,-1.1786,-1.2063,-1.2307,-1.2519,-1.2698,-1.2844,-1.2959,-1.3043,-1.3096,-1.3119,-1.3114,-1.3080,-1.3020,-1.2933,-1.2822,-1.2687,-1.2529,-1.2350,-1.2152,-1.1935,-1.1701,-1.1451,-1.1188,-1.0912,-1.0626,-1.0330,-1.0027,-0.9718,-0.9405,-0.9090,-0.8774,-0.8436,-0.8130,-0.7832,-0.7547,-0.7278,-0.7016,-0.6766,-0.6528,-0.6305,-0.6098,-0.5909,-0.5738,-0.5587,-0.5458,-0.5351,-0.5268,-0.5210,-0.5178,-0.5172,-0.5195,-0.5245,-0.5325,-0.5435,-0.5575,-0.5746,-0.5947,-0.6179,-0.6443,-0.6737}
};
float winch_sc_pose21[2][61]=
{{-0.2277,-0.3042,-0.3727,-0.4332,-0.4856,-0.5300,-0.5665,-0.5952,-0.6161,-0.6295,-0.6355,-0.6343,-0.6261,-0.6113,-0.5900,-0.5626,-0.5293,-0.4904,-0.4464,-0.3975,-0.3441,-0.2865,-0.2253,-0.1606,-0.0908,-0.0181,0.0595,0.1364,0.2193,0.3009,0.3780,0.4550,0.5317,0.6074,0.6819,0.7546,0.8252,0.8932,0.9583,1.0200,1.0780,1.1318,1.1812,1.2256,1.2649,1.2986,1.3264,1.3480,1.3632,1.3717,1.3732,1.3674,1.3542,1.3335,1.3049,1.2684,1.2238,1.1711,1.1102,1.0411,0.9636},
{-0.6737,-0.6350,-0.6004,-0.5699,-0.5434,-0.5210,-0.5026,-0.4882,-0.4776,-0.4709,-0.4680,-0.4686,-0.4728,-0.4804,-0.4913,-0.5053,-0.5223,-0.5421,-0.5646,-0.5895,-0.6167,-0.6461,-0.6773,-0.7102,-0.7444,-0.7803,-0.8180,-0.8570,-0.8984,-0.9406,-0.9817,-1.0227,-1.0634,-1.1035,-1.1429,-1.1814,-1.2187,-1.2546,-1.2888,-1.3213,-1.3518,-1.3801,-1.4060,-1.4293,-1.4499,-1.4675,-1.4821,-1.4934,-1.5014,-1.5058,-1.5066,-1.5036,-1.4967,-1.4859,-1.4710,-1.4519,-1.4287,-1.4012,-1.3695,-1.3334,-1.2930}
};
float winch_sc_pose22[2][61]=
{{0.9636,0.9551,0.9475,0.9409,0.9351,0.9302,0.9262,0.9230,0.9208,0.9193,0.9187,0.9189,0.9198,0.9215,0.9239,0.9270,0.9308,0.9351,0.9401,0.9455,0.9515,0.9580,0.9648,0.9720,0.9796,0.9874,0.9955,1.0038,1.0122,1.0207,1.0293,1.0378,1.0463,1.0547,1.0630,1.0711,1.0789,1.0847,1.0909,1.0979,1.1044,1.1105,1.1160,1.1013,1.1059,1.1098,1.1131,1.1157,1.1175,1.1185,1.1187,1.1180,1.1165,1.1141,1.1108,1.1066,1.1014,1.0953,1.0883,1.0803,1.0714},
{-1.2930,-1.3112,-1.3275,-1.3418,-1.3542,-1.3647,-1.3733,-1.3800,-1.3849,-1.3880,-1.3893,-1.3889,-1.3869,-1.3832,-1.3780,-1.3714,-1.3633,-1.3540,-1.3434,-1.3316,-1.3188,-1.3049,-1.2902,-1.2747,-1.2585,-1.2417,-1.2244,-1.2066,-1.1886,-1.1703,-1.1520,-1.1337,-1.1154,-1.0974,-1.0797,-1.0624,-1.0456,-1.0276,-1.0110,-0.9964,-0.9826,-0.9699,-0.9582,-0.9242,-0.9148,-0.9068,-0.9001,-0.8950,-0.8914,-0.8894,-0.8891,-0.8905,-0.8936,-0.8986,-0.9055,-0.9142,-0.9248,-0.9374,-0.9519,-0.9683,-0.9867}
};
float winch_sc_pose23[2][61]=
{{1.0714,1.0765,1.0810,1.0850,1.0884,1.0914,1.0938,1.0957,1.0970,1.0979,1.0984,1.0983,1.0978,1.0968,1.0955,1.0937,1.0915,1.0890,1.0861,1.0830,1.0795,1.0757,1.0717,1.0675,1.0631,1.0586,1.0539,1.0490,1.0644,1.0590,1.0342,1.0292,1.0242,1.0193,1.0144,1.0097,1.0051,1.0007,0.9965,0.9925,0.9887,0.9852,0.9820,0.9792,0.9766,0.9744,0.9726,0.9712,0.9703,0.9697,0.9697,0.9701,0.9709,0.9723,0.9742,0.9766,0.9795,0.9830,0.9870,0.9915,0.9965},
{-0.9867,-1.0074,-1.0260,-1.0423,-1.0565,-1.0685,-1.0784,-1.0861,-1.0917,-1.0953,-1.0969,-1.0965,-1.0943,-1.0902,-1.0844,-1.0769,-1.0679,-1.0573,-1.0454,-1.0321,-1.0176,-1.0020,-0.9854,-0.9679,-0.9496,-0.9307,-0.9111,-0.8911,-0.8949,-0.8742,-0.8296,-0.8089,-0.7884,-0.7681,-0.7482,-0.7287,-0.7099,-0.6917,-0.6743,-0.6578,-0.6423,-0.6279,-0.6148,-0.6029,-0.5925,-0.5835,-0.5761,-0.5704,-0.5663,-0.5641,-0.5638,-0.5653,-0.5689,-0.5744,-0.5821,-0.5918,-0.6037,-0.6178,-0.6340,-0.6524,-0.6730}
};
float winch_sc_pose24[2][61]=
{{0.9965,1.0340,1.0675,1.0970,1.1225,1.1441,1.1619,1.1757,1.1858,1.1922,1.1949,1.1941,1.1899,1.1823,1.1716,1.1579,1.1414,1.1221,1.1002,1.0760,1.0496,1.0211,0.9909,0.9590,0.9257,0.8912,0.8556,0.8193,0.7823,0.7476,0.7074,0.6699,0.6405,0.6076,0.5718,0.5365,0.5028,0.4696,0.4365,0.4056,0.3763,0.3499,0.3258,0.3042,0.2853,0.2690,0.2554,0.2448,0.2375,0.2335,0.2329,0.2361,0.2421,0.2525,0.2671,0.2840,0.3061,0.3325,0.3627,0.3953,0.4319},
{-0.6730,-0.6877,-0.7009,-0.7125,-0.7225,-0.7310,-0.7380,-0.7434,-0.7473,-0.7498,-0.7508,-0.7505,-0.7488,-0.7457,-0.7415,-0.7360,-0.7294,-0.7217,-0.7131,-0.7034,-0.6930,-0.6817,-0.6697,-0.6571,-0.6440,-0.6303,-0.6163,-0.6019,-0.5873,-0.5761,-0.5578,-0.5430,-0.5377,-0.5275,-0.5133,-0.4989,-0.4856,-0.4719,-0.4575,-0.4445,-0.4319,-0.4211,-0.4112,-0.4024,-0.3948,-0.3881,-0.3825,-0.3782,-0.3752,-0.3735,-0.3733,-0.3747,-0.3771,-0.3815,-0.3876,-0.3944,-0.4035,-0.4148,-0.4275,-0.4405,-0.4551}
};
float winch_sc_pose25[2][61]=
{{0.4319,0.3925,0.3563,0.3254,0.2985,0.2765,0.2588,0.2447,0.2343,0.2333,0.2320,0.2280,0.2326,0.2406,0.2516,0.2657,0.2799,0.3029,0.3248,0.3490,0.3751,0.4038,0.4347,0.4678,0.5027,0.5392,0.5781,0.6163,0.6553,0.6948,0.7346,0.7742,0.8133,0.8533,0.8890,0.9253,0.9607,0.9949,1.0279,1.0592,1.0887,1.1161,1.1412,1.1638,1.1837,1.2009,1.2150,1.2260,1.2337,1.2379,1.2386,1.2356,1.2288,1.2181,1.2035,1.1848,1.1621,1.1353,1.1044,1.0694,1.0303},
{-0.4551,-0.5220,-0.5811,-0.6338,-0.6792,-0.7179,-0.7496,-0.7743,-0.7922,-0.8051,-0.8105,-0.8078,-0.8005,-0.7875,-0.7688,-0.7448,-0.7146,-0.6820,-0.6433,-0.6003,-0.5529,-0.5020,-0.4478,-0.3908,-0.3313,-0.2698,-0.2098,-0.1452,-0.0793,-0.0124,0.0552,0.1196,0.1843,0.2538,0.3102,0.3708,0.4306,0.4885,0.5447,0.5979,0.6480,0.6945,0.7371,0.7754,0.8093,0.8384,0.8623,0.8809,0.8939,0.9010,0.9021,0.8969,0.8853,0.8671,0.8421,0.8103,0.7716,0.7259,0.6733,0.6136,0.5470}
};
float winch_sc_pose26[2][61]=
{{1.0303,1.0784,1.1214,1.1593,1.1922,1.2200,1.2428,1.2607,1.2737,1.2819,1.2855,1.2845,1.2792,1.2697,1.2561,1.2386,1.2175,1.1929,1.1651,1.1342,1.1005,1.0643,1.0259,0.9888,0.9453,0.9018,0.8563,0.8091,0.7604,0.7106,0.6597,0.6102,0.5618,0.5162,0.4647,0.4188,0.3777,0.3356,0.2950,0.2558,0.2191,0.1942,0.1573,0.1350,0.1078,0.0789,0.0605,0.0466,0.0371,0.0182,0.0311,0.0037,0.0128,0.0361,0.0590,0.0848,0.1205,0.1583,0.2005,0.2491,0.2973},
{0.5470,0.6413,0.7256,0.7999,0.8643,0.9189,0.9636,0.9987,1.0243,1.0406,1.0478,1.0461,1.0359,1.0174,0.9911,0.9572,0.9161,0.8682,0.8140,0.7538,0.6882,0.6175,0.5425,0.4707,0.3867,0.3037,0.2178,0.1295,0.0391,-0.0549,-0.1459,-0.2439,-0.3408,-0.4380,-0.5258,-0.6162,-0.7055,-0.7897,-0.8699,-0.9458,-1.0171,-1.0851,-1.1446,-1.2000,-1.2480,-1.2889,-1.3232,-1.3500,-1.3688,-1.3791,-1.3813,-1.3740,-1.3577,-1.3320,-1.2967,-1.2518,-1.1974,-1.1331,-1.0590,-0.9756,-0.8810}
};
float winch_sc_pose27[2][61]=
{{0.2973,0.2780,0.2571,0.2421,0.2275,0.2165,0.2073,0.2002,0.1949,0.1915,0.1901,0.1905,0.1927,0.1965,0.2019,0.2091,0.2178,0.2279,0.2390,0.2525,0.2660,0.2807,0.2964,0.3137,0.3307,0.3483,0.3665,0.3850,0.4039,0.4230,0.4422,0.4614,0.4804,0.4993,0.5178,0.5359,0.5534,0.5704,0.5865,0.6018,0.6162,0.6296,0.6418,0.6528,0.6626,0.6709,0.6778,0.6832,0.6869,0.6890,0.6894,0.6879,0.6847,0.6795,0.6724,0.6634,0.6524,0.6393,0.6243,0.6071,0.5880},
{-0.8810,-0.8721,-0.8630,-0.8562,-0.8497,-0.8447,-0.8405,-0.8373,-0.8349,-0.8334,-0.8328,-0.8330,-0.8340,-0.8358,-0.8383,-0.8416,-0.8457,-0.8503,-0.8555,-0.8616,-0.8679,-0.8747,-0.8820,-0.8899,-0.8979,-0.9061,-0.9145,-0.9232,-0.9319,-0.9408,-0.9497,-0.9586,-0.9674,-0.9762,-0.9848,-0.9931,-1.0012,-1.0091,-1.0165,-1.0236,-1.0302,-1.0364,-1.0421,-1.0471,-1.0516,-1.0555,-1.0587,-1.0612,-1.0629,-1.0639,-1.0641,-1.0634,-1.0620,-1.0596,-1.0564,-1.0523,-1.0472,-1.0413,-1.0344,-1.0266,-1.0179}
};
float winch_sc_pose28[2][61]=
{{0.5880,0.6367,0.6803,0.7187,0.7519,0.7800,0.8030,0.8211,0.8343,0.8426,0.8463,0.8455,0.8402,0.8307,0.8171,0.7997,0.7785,0.7538,0.7258,0.6947,0.6608,0.6242,0.5853,0.5442,0.5013,0.4567,0.4107,0.3636,0.3157,0.2672,0.2112,0.1632,0.1151,0.0639,0.0168,-0.0301,-0.0811,-0.1249,-0.1655,-0.2041,-0.2402,-0.2738,-0.3046,-0.3323,-0.3568,-0.3778,-0.3951,-0.4085,-0.4179,-0.4231,-0.4239,-0.4202,-0.4119,-0.3989,-0.3810,-0.3582,-0.3304,-0.2970,-0.2597,-0.2099,-0.1604},
{-1.0179,-1.0543,-1.0868,-1.1155,-1.1403,-1.1612,-1.1784,-1.1919,-1.2017,-1.2079,-1.2105,-1.2098,-1.2058,-1.1986,-1.1884,-1.1752,-1.1593,-1.1407,-1.1196,-1.0962,-1.0707,-1.0432,-1.0139,-0.9829,-0.9506,-0.9169,-0.8823,-0.8468,-0.8106,-0.7740,-0.7350,-0.6987,-0.6624,-0.6261,-0.5910,-0.5568,-0.5246,-0.4935,-0.4635,-0.4351,-0.4084,-0.3837,-0.3610,-0.3405,-0.3225,-0.3071,-0.2943,-0.2844,-0.2774,-0.2736,-0.2730,-0.2757,-0.2818,-0.2914,-0.3045,-0.3213,-0.3417,-0.3653,-0.3936,-0.4215,-0.4572}
};
float winch_sc_pose29[2][61]=
{{-0.1604,-0.1819,-0.2008,-0.2253,-0.2311,-0.2450,-0.2541,-0.2664,-0.2674,-0.2759,-0.2733,-0.2725,-0.2701,-0.2658,-0.2600,-0.2634,-0.2496,-0.2373,-0.2266,-0.2066,-0.1916,-0.1756,-0.1684,-0.1411,-0.1220,-0.1023,-0.0824,-0.0620,-0.0413,-0.0203,0.0012,0.0226,0.0437,0.0644,0.0848,0.1047,0.1240,0.1427,0.1607,0.1776,0.1935,0.2083,0.2218,0.2340,0.2448,0.2540,0.2616,0.2676,0.2717,0.2740,0.2744,0.2728,0.2691,0.2634,0.2555,0.2455,0.2333,0.2188,0.2022,0.1833,0.1622},
{-0.4572,-0.4794,-0.4990,-0.5198,-0.5311,-0.5445,-0.5546,-0.5648,-0.5686,-0.5747,-0.5743,-0.5737,-0.5713,-0.5669,-0.5608,-0.5580,-0.5462,-0.5342,-0.5221,-0.5051,-0.4897,-0.4731,-0.4590,-0.4369,-0.4173,-0.3971,-0.3763,-0.3550,-0.3334,-0.3114,-0.2894,-0.2674,-0.2456,-0.2239,-0.2026,-0.1818,-0.1616,-0.1422,-0.1236,-0.1060,-0.0895,-0.0740,-0.0599,-0.0472,-0.0360,-0.0264,-0.0184,-0.0123,-0.0079,-0.0055,-0.0051,-0.0068,-0.0105,-0.0165,-0.0247,-0.0351,-0.0478,-0.0629,-0.0803,-0.1001,-0.1221}
};
float winch_sc_pose30[2][61]=
{{0.1622,0.1344,0.1097,0.0881,0.0695,0.0538,0.0410,0.0309,0.0236,0.0189,0.0168,0.0173,0.0203,0.0256,0.0333,0.0431,0.0550,0.0688,0.0845,0.1019,0.1210,0.1415,0.1634,0.1865,0.2108,0.2364,0.2637,0.2925,0.3223,0.3487,0.3808,0.4091,0.4372,0.4649,0.4921,0.5186,0.5443,0.5690,0.5926,0.6150,0.6360,0.6554,0.6732,0.6891,0.7032,0.7152,0.7251,0.7328,0.7381,0.7409,0.7412,0.7389,0.7339,0.7262,0.7156,0.7022,0.6858,0.6666,0.6443,0.6191,0.5910},
{-0.1221,-0.0523,0.0100,0.0648,0.1122,0.1524,0.1852,0.2110,0.2298,0.2418,0.2470,0.2458,0.2383,0.2247,0.2053,0.1804,0.1501,0.1148,0.0748,0.0304,-0.0181,-0.0703,-0.1260,-0.1848,-0.2463,-0.3104,-0.3771,-0.4459,-0.5161,-0.5847,-0.6571,-0.7272,-0.7969,-0.8659,-0.9337,-1.0000,-1.0644,-1.1264,-1.1858,-1.2422,-1.2952,-1.3444,-1.3895,-1.4302,-1.4661,-1.4970,-1.5225,-1.5423,-1.5563,-1.5641,-1.5655,-1.5603,-1.5483,-1.5294,-1.5034,-1.4702,-1.4296,-1.3817,-1.3264,-1.2636,-1.1934}
};
float winch_sc_pose31[2][61]=
{{0.5910,0.5477,0.5090,0.4748,0.4453,0.4203,0.3998,0.3837,0.3720,0.3646,0.3613,0.3621,0.3668,0.3752,0.3874,0.4029,0.4218,0.4439,0.4688,0.4966,0.5268,0.5595,0.5942,0.6309,0.6692,0.7091,0.7501,0.7921,0.8349,0.8783,0.9218,0.9655,1.0054,1.0482,1.0903,1.1290,1.1689,1.1913,1.2290,1.2648,1.2985,1.3297,1.3584,1.3843,1.4071,1.4268,1.4430,1.4557,1.4647,1.4697,1.4707,1.4676,1.4602,1.4484,1.4322,1.4114,1.3860,1.3560,1.3213,1.2820,1.2380},
{-1.1934,-1.2090,-1.2229,-1.2352,-1.2458,-1.2548,-1.2621,-1.2679,-1.2721,-1.2747,-1.2758,-1.2755,-1.2737,-1.2706,-1.2661,-1.2604,-1.2535,-1.2454,-1.2363,-1.2262,-1.2151,-1.2033,-1.1906,-1.1772,-1.1633,-1.1488,-1.1339,-1.1186,-1.1030,-1.0873,-1.0715,-1.0557,-1.0365,-1.0206,-1.0050,-0.9868,-0.9717,-0.9366,-0.9228,-0.9098,-0.8976,-0.8863,-0.8760,-0.8667,-0.8585,-0.8516,-0.8459,-0.8415,-0.8385,-0.8369,-0.8368,-0.8382,-0.8412,-0.8458,-0.8521,-0.8600,-0.8697,-0.8810,-0.8941,-0.9089,-0.9255}
};
float winch_sc_pose32[2][61]=
{{1.2380,1.3114,1.3770,1.4349,1.4849,1.5272,1.5619,1.5890,1.6086,1.6209,1.6261,1.6243,1.6158,1.6009,1.5797,1.5525,1.5197,1.4816,1.4532,1.4072,1.3565,1.3064,1.2478,1.1862,1.1217,1.0549,0.9862,0.9159,0.8444,0.7722,0.6996,0.6270,0.5550,0.4837,0.4138,0.3455,0.2775,0.2064,0.1401,0.0805,0.0192,-0.0340,-0.0802,-0.1217,-0.1583,-0.1897,-0.2156,-0.2357,-0.2497,-0.2573,-0.2584,-0.2527,-0.2401,-0.2203,-0.1932,-0.1586,-0.1166,-0.0644,-0.0020,0.0688,0.1476},
{-0.9255,-0.9005,-0.8781,-0.8584,-0.8413,-0.8267,-0.8147,-0.8052,-0.7982,-0.7936,-0.7914,-0.7914,-0.7937,-0.7981,-0.8046,-0.8130,-0.8234,-0.8356,-0.8744,-0.8916,-0.9093,-0.9346,-0.9536,-0.9736,-0.9946,-1.0163,-1.0387,-1.0616,-1.0848,-1.1084,-1.1320,-1.1557,-1.1792,-1.2024,-1.2252,-1.2475,-1.2688,-1.2885,-1.3082,-1.3277,-1.3460,-1.3635,-1.3795,-1.3939,-1.4066,-1.4175,-1.4265,-1.4335,-1.4384,-1.4411,-1.4416,-1.4398,-1.4356,-1.4290,-1.4199,-1.4082,-1.3940,-1.3771,-1.3578,-1.3365,-1.3134}
};
float winch_sc_pose33[2][61]=
{{0.1477,0.0969,0.0501,0.0080,-0.0294,-0.0617,-0.0847,-0.1029,-0.1162,-0.1249,-0.1290,-0.1287,-0.1241,-0.1153,-0.1025,-0.0859,-0.0656,-0.0418,-0.0148,0.0166,0.0517,0.1002,0.1415,0.1821,0.2244,0.2682,0.3216,0.3645,0.4077,0.4541,0.4980,0.5449,0.5915,0.6380,0.6805,0.7267,0.7714,0.8147,0.8538,0.8929,0.9264,0.9598,0.9889,1.0147,1.0374,1.0568,1.0726,1.0848,1.0933,1.0979,1.0984,1.0950,1.0869,1.0747,1.0580,1.0367,1.0108,0.9797,0.9457,0.9028,0.8577},
{-1.3134,-1.4102,-1.4970,-1.5738,-1.6405,-1.6971,-1.7434,-1.7796,-1.8059,-1.8225,-1.8296,-1.8274,-1.8164,-1.7967,-1.7688,-1.7330,-1.6897,-1.6393,-1.5822,-1.5190,-1.4501,-1.3768,-1.2987,-1.2163,-1.1303,-1.0413,-0.9526,-0.8584,-0.7621,-0.6661,-0.5671,-0.4701,-0.3737,-0.2790,-0.1740,-0.0837,0.0089,0.0944,0.1652,0.2456,0.3102,0.3783,0.4372,0.4898,0.5363,0.5762,0.6090,0.6344,0.6520,0.6616,0.6627,0.6554,0.6385,0.6128,0.5777,0.5331,0.4791,0.4143,0.3451,0.2552,0.1653}
};
float winch_sc_pose34[2][61]=
{{0.8577,0.8578,0.8589,0.8611,0.8606,0.8613,0.8619,0.8639,0.8642,0.8645,0.8649,0.8649,0.8647,0.8644,0.8625,0.8621,0.8616,0.8611,0.8604,0.8596,0.8590,0.8578,0.8571,0.8558,0.8545,0.8531,0.8517,0.8502,0.8488,0.8473,0.8459,0.8442,0.8423,0.8415,0.8395,0.8371,0.8354,0.8337,0.8320,0.8304,0.8303,0.8290,0.8276,0.8265,0.8235,0.8224,0.8215,0.8207,0.8201,0.8216,0.8212,0.8214,0.8195,0.8198,0.8203,0.8211,0.8240,0.8253,0.8246,0.8263,0.8300},
{0.1654,0.1906,0.2178,0.2463,0.2627,0.2803,0.2948,0.3104,0.3187,0.3239,0.3273,0.3267,0.3235,0.3175,0.3050,0.2943,0.2814,0.2663,0.2491,0.2301,0.2104,0.1870,0.1647,0.1388,0.1119,0.0840,0.0551,0.0254,-0.0048,-0.0340,-0.0653,-0.0941,-0.1216,-0.1558,-0.1831,-0.2081,-0.2355,-0.2619,-0.2872,-0.3111,-0.3372,-0.3583,-0.3770,-0.3946,-0.4057,-0.4186,-0.4292,-0.4373,-0.4429,-0.4492,-0.4492,-0.4469,-0.4375,-0.4289,-0.4170,-0.4021,-0.3883,-0.3674,-0.3383,-0.3106,-0.2852}
};
float winch_sc_pose35[2][61]=
{{0.8281,0.9378,1.0362,1.1230,1.1983,1.2621,1.3144,1.3555,1.3855,1.4045,1.4130,1.4110,1.3991,1.3772,1.3466,1.3075,1.2614,1.2064,1.1441,1.0751,0.9998,0.9187,0.8325,0.7417,0.6468,0.5483,0.4470,0.3433,0.2379,0.1215,0.0123,-0.0987,-0.2155,-0.3218,-0.4262,-0.5282,-0.6271,-0.7224,-0.8135,-0.8999,-0.9810,-1.0563,-1.1253,-1.1875,-1.2423,-1.2894,-1.3283,-1.3585,-1.3797,-1.3915,-1.3935,-1.3854,-1.3669,-1.3378,-1.2978,-1.2466,-1.1842,-1.1103,-1.0250,-0.9281,-0.8195},
{-0.2798,-0.2221,-0.1710,-0.1258,-0.0866,-0.0533,-0.0259,-0.0043,0.0117,0.0220,0.0269,0.0265,0.0210,-0.0161,-0.0284,-0.0576,-0.0992,-0.1264,-0.1573,-0.1915,-0.2289,-0.2691,-0.3119,-0.3570,-0.4041,-0.4530,-0.5034,-0.5549,-0.6073,-0.6583,-0.7132,-0.7687,-0.8264,-0.8819,-0.9363,-0.9893,-1.0407,-1.0900,-1.1372,-1.1817,-1.2236,-1.2623,-1.2978,-1.3297,-1.3578,-1.3820,-1.4019,-1.4173,-1.4281,-1.4341,-1.4351,-1.4309,-1.4215,-1.4065,-1.3860,-1.3599,-1.3280,-1.2902,-1.2466,-1.1971,-1.1416}
};
float winch_sc_pose36[2][61]=
{{-0.8195,-0.8890,-0.9510,-1.0057,-1.0530,-1.0931,-1.1258,-1.1515,-1.1703,-1.1821,-1.1873,-1.1860,-1.1784,-1.1647,-1.1453,-1.1202,-1.0899,-1.0546,-1.0146,-0.9702,-0.9218,-0.8696,-0.8141,-0.7556,-0.6944,-0.6309,-0.5656,-0.4987,-0.4306,-0.3618,-0.2926,-0.2233,-0.1490,-0.0748,-0.0070,0.0661,0.1325,0.1936,0.2520,0.3074,0.3595,0.4078,0.4520,0.4919,0.5271,0.5572,0.5821,0.6014,0.6149,0.6224,0.6235,0.6182,0.6061,0.5873,0.5614,0.5285,0.4883,0.4409,0.3863,0.3242,0.2549},
{-1.1416,-1.1477,-1.1532,-1.1580,-1.1622,-1.1658,-1.1687,-1.1710,-1.1727,-1.1738,-1.1743,-1.1743,-1.1737,-1.1725,-1.1709,-1.1687,-1.1661,-1.1631,-1.1596,-1.1557,-1.1515,-1.1469,-1.1420,-1.1368,-1.1313,-1.1256,-1.1197,-1.1136,-1.1074,-1.1011,-1.0947,-1.0883,-1.0810,-1.0745,-1.0689,-1.0640,-1.0596,-1.0552,-1.0509,-1.0468,-1.0430,-1.0394,-1.0361,-1.0331,-1.0305,-1.0282,-1.0263,-1.0248,-1.0237,-1.0231,-1.0230,-1.0233,-1.0241,-1.0254,-1.0273,-1.0296,-1.0325,-1.0359,-1.0399,-1.0444,-1.0494}
};
float winch_sc_pose37[2][61]=
{{0.2549,0.2144,0.1769,0.1427,0.1178,0.0906,0.0707,0.0474,0.0342,0.0255,0.0210,0.0209,0.0247,0.0323,0.0438,0.0614,0.0790,0.1039,0.1279,0.1546,0.1841,0.2209,0.2534,0.2855,0.3252,0.3605,0.3922,0.4340,0.4718,0.5061,0.5485,0.5870,0.6236,0.6575,0.6951,0.7319,0.7587,0.7944,0.8284,0.8607,0.8910,0.9191,0.9448,0.9680,0.9885,1.0060,1.0205,1.0317,1.0396,1.0440,1.0448,1.0418,1.0350,1.0242,1.0094,0.9905,0.9674,0.9402,0.9088,0.8731,0.8334},
{-1.0494,-1.0979,-1.1412,-1.1794,-1.2132,-1.2412,-1.2644,-1.2824,-1.2957,-1.3041,-1.3078,-1.3068,-1.3012,-1.2913,-1.2772,-1.2592,-1.2373,-1.2122,-1.1835,-1.1519,-1.1175,-1.0817,-1.0425,-1.0008,-0.9592,-0.9143,-0.8660,-0.8208,-0.7728,-0.7214,-0.6754,-0.6266,-0.5763,-0.5231,-0.4756,-0.4292,-0.3659,-0.3220,-0.2801,-0.2404,-0.2032,-0.1687,-0.1371,-0.1087,-0.0837,-0.0622,-0.0445,-0.0309,-0.0214,-0.0162,-0.0155,-0.0195,-0.0282,-0.0420,-0.0604,-0.0840,-0.1128,-0.1469,-0.1861,-0.2306,-0.2810}
};
float winch_sc_pose38[2][61]=
{{0.8334,0.8687,0.9010,0.9283,0.9525,0.9730,0.9898,1.0029,1.0125,1.0185,1.0212,1.0205,1.0166,1.0096,0.9995,0.9867,0.9711,0.9529,0.9322,0.9093,0.8842,0.8572,0.8284,0.7980,0.7661,0.7446,0.7122,0.6809,0.6512,0.6175,0.5837,0.5498,0.5161,0.4828,0.4500,0.4180,0.3868,0.3522,0.3211,0.2974,0.2679,0.2426,0.2202,0.1995,0.1818,0.1663,0.1515,0.1411,0.1339,0.1299,0.1293,0.1291,0.1368,0.1484,0.1643,0.1822,0.2037,0.2320,0.2598,0.2900,0.3239},
{-0.2810,-0.2190,-0.1676,-0.1157,-0.0738,-0.0383,-0.0091,0.0137,0.0305,0.0412,0.0460,0.0451,0.0387,0.0270,0.0101,-0.0117,-0.0382,-0.0690,-0.1041,-0.1430,-0.1856,-0.2315,-0.2804,-0.3321,-0.3861,-0.4614,-0.5188,-0.5800,-0.6437,-0.7040,-0.7647,-0.8255,-0.8859,-0.9458,-1.0047,-1.0623,-1.1182,-1.1708,-1.2220,-1.2721,-1.3175,-1.3603,-1.3997,-1.4352,-1.4667,-1.4937,-1.5158,-1.5332,-1.5454,-1.5523,-1.5535,-1.5488,-1.5385,-1.5221,-1.4997,-1.4709,-1.4357,-1.3947,-1.3467,-1.2921,-1.2309}
};
float winch_sc_pose39[2][61]=
{{0.3239,0.3714,0.4139,0.4515,0.4840,0.5116,0.5342,0.5520,0.5650,0.5734,0.5772,0.5766,0.5717,0.5626,0.5496,0.5328,0.5124,0.4885,0.4614,0.4314,0.3985,0.3631,0.3254,0.2856,0.2440,0.2008,0.1562,0.1068,0.0512,0.0033,-0.0458,-0.0937,-0.1463,-0.1902,-0.2389,-0.2828,-0.3253,-0.3663,-0.4055,-0.4427,-0.4776,-0.5100,-0.5396,-0.5664,-0.5900,-0.6102,-0.6269,-0.6399,-0.6490,-0.6541,-0.6549,-0.6514,-0.6435,-0.6309,-0.6137,-0.5917,-0.5650,-0.5333,-0.4967,-0.4552,-0.4088},
{-1.2309,-1.2741,-1.3127,-1.3467,-1.3762,-1.4012,-1.4216,-1.4377,-1.4494,-1.4568,-1.4600,-1.4592,-1.4545,-1.4460,-1.4338,-1.4182,-1.3992,-1.3771,-1.3521,-1.3244,-1.2941,-1.2614,-1.2267,-1.1900,-1.1517,-1.1120,-1.0710,-1.0286,-0.9856,-0.9430,-0.9005,-0.8581,-0.8170,-0.7751,-0.7356,-0.6961,-0.6577,-0.6208,-0.5854,-0.5519,-0.5205,-0.4913,-0.4646,-0.4406,-0.4194,-0.4011,-0.3861,-0.3745,-0.3663,-0.3617,-0.3610,-0.3641,-0.3713,-0.3826,-0.3980,-0.4178,-0.4418,-0.4703,-0.5031,-0.5404,-0.5821}
};
float winch_sc_pose40[2][61]=
{{-0.4088,-0.4226,-0.4349,-0.4457,-0.4551,-0.4631,-0.4696,-0.4747,-0.4784,-0.4808,-0.4818,-0.4770,-0.4801,-0.4774,-0.4736,-0.4687,-0.4591,-0.4557,-0.4479,-0.4391,-0.4295,-0.4157,-0.4049,-0.3935,-0.3846,-0.3720,-0.3590,-0.3425,-0.3321,-0.3123,-0.2985,-0.2849,-0.2711,-0.2576,-0.2443,-0.2330,-0.2205,-0.2086,-0.1969,-0.1858,-0.1752,-0.1653,-0.1563,-0.1482,-0.1411,-0.1348,-0.1300,-0.1253,-0.1225,-0.1211,-0.1214,-0.1224,-0.1250,-0.1291,-0.1323,-0.1390,-0.1470,-0.1563,-0.1670,-0.1795,-0.1931},
{-0.5821,-0.5866,-0.5907,-0.5943,-0.5974,-0.6000,-0.6022,-0.6039,-0.6051,-0.6059,-0.6063,-0.6025,-0.6057,-0.6048,-0.6035,-0.6019,-0.5971,-0.5976,-0.5950,-0.5921,-0.5889,-0.5829,-0.5794,-0.5757,-0.5739,-0.5697,-0.5654,-0.5589,-0.5563,-0.5481,-0.5436,-0.5391,-0.5346,-0.5302,-0.5259,-0.5224,-0.5183,-0.5144,-0.5105,-0.5068,-0.5033,-0.5000,-0.4971,-0.4944,-0.4921,-0.4900,-0.4884,-0.4869,-0.4860,-0.4855,-0.4856,-0.4859,-0.4867,-0.4880,-0.4891,-0.4912,-0.4938,-0.4968,-0.5002,-0.5043,-0.5086}
};
float winch_sc_pose41[2][61]=
{{-0.1931,-0.1818,-0.1714,-0.1649,-0.1545,-0.1479,-0.1425,-0.1382,-0.1350,-0.1348,-0.1338,-0.1339,-0.1352,-0.1375,-0.1408,-0.1450,-0.1502,-0.1562,-0.1630,-0.1705,-0.1787,-0.1876,-0.1968,-0.2065,-0.2170,-0.2272,-0.2365,-0.2476,-0.2642,-0.2762,-0.2880,-0.2995,-0.3109,-0.3160,-0.3271,-0.3441,-0.3546,-0.3616,-0.3744,-0.3836,-0.3922,-0.4002,-0.4076,-0.4142,-0.4200,-0.4250,-0.4291,-0.4323,-0.4345,-0.4357,-0.4359,-0.4351,-0.4331,-0.4300,-0.4257,-0.4202,-0.4136,-0.4057,-0.3967,-0.3864,-0.3748},
{-0.5086,-0.5023,-0.4966,-0.4925,-0.4873,-0.4836,-0.4806,-0.4782,-0.4765,-0.4760,-0.4754,-0.4755,-0.4763,-0.4776,-0.4794,-0.4818,-0.4846,-0.4880,-0.4918,-0.4960,-0.5006,-0.5055,-0.5107,-0.5162,-0.5220,-0.5278,-0.5332,-0.5394,-0.5484,-0.5551,-0.5618,-0.5683,-0.5748,-0.5777,-0.5839,-0.5936,-0.5995,-0.6033,-0.6107,-0.6159,-0.6208,-0.6253,-0.6294,-0.6332,-0.6365,-0.6393,-0.6416,-0.6434,-0.6447,-0.6454,-0.6455,-0.6450,-0.6439,-0.6422,-0.6398,-0.6367,-0.6330,-0.6286,-0.6235,-0.6178,-0.6113}
};
float winch_sc_pose42[2][61]=
{{-0.3748,-0.4472,-0.5119,-0.5690,-0.6184,-0.6602,-0.6945,-0.7214,-0.7411,-0.7536,-0.7592,-0.7581,-0.7505,-0.7365,-0.7166,-0.6908,-0.6595,-0.6230,-0.5816,-0.5356,-0.4853,-0.4311,-0.3683,-0.3001,-0.2370,-0.1709,-0.1037,-0.0351,0.0345,0.1057,0.1769,0.2482,0.3190,0.3901,0.4589,0.5265,0.5923,0.6504,0.7099,0.7697,0.8195,0.8688,0.9140,0.9548,0.9908,1.0217,1.0473,1.0671,1.0811,1.0888,1.0901,1.0848,1.0727,1.0535,1.0273,0.9937,0.9529,0.9046,0.8489,0.7857,0.7164},
{-0.6113,-0.6717,-0.7257,-0.7733,-0.8145,-0.8494,-0.8780,-0.9004,-0.9168,-0.9272,-0.9319,-0.9309,-0.9245,-0.9128,-0.8960,-0.8744,-0.8482,-0.8177,-0.7830,-0.7444,-0.7023,-0.6569,-0.6052,-0.5503,-0.4979,-0.4433,-0.3875,-0.3303,-0.2720,-0.2131,-0.1537,-0.0937,-0.0296,0.0266,0.0803,0.1364,0.1910,0.2289,0.2778,0.3321,0.3677,0.4082,0.4453,0.4787,0.5082,0.5335,0.5544,0.5707,0.5821,0.5884,0.5894,0.5850,0.5751,0.5594,0.5378,0.5103,0.4768,0.4372,0.3914,0.3396,0.2852}
};
float winch_sc_pose43[2][61]=
{{0.7166,0.7316,0.7439,0.7525,0.7621,0.7701,0.7767,0.7819,0.7857,0.7880,0.7891,0.7888,0.7872,0.7844,0.7805,0.7754,0.7692,0.7621,0.7540,0.7450,0.7351,0.7272,0.7159,0.7039,0.6915,0.6786,0.6643,0.6508,0.6378,0.6238,0.6097,0.5956,0.5806,0.5669,0.5533,0.5402,0.5274,0.5168,0.5048,0.4935,0.4829,0.4730,0.4640,0.4558,0.4486,0.4425,0.4374,0.4334,0.4307,0.4291,0.4289,0.4300,0.4324,0.4362,0.4414,0.4481,0.4563,0.4643,0.4752,0.4884,0.5024},
{0.2857,0.2953,0.3013,0.3011,0.3061,0.3103,0.3137,0.3164,0.3183,0.3195,0.3200,0.3199,0.3190,0.3176,0.3155,0.3128,0.3096,0.3058,0.3016,0.2969,0.2917,0.2929,0.2869,0.2806,0.2741,0.2674,0.2578,0.2510,0.2458,0.2385,0.2311,0.2238,0.2137,0.2066,0.1997,0.1932,0.1867,0.1853,0.1790,0.1729,0.1673,0.1621,0.1573,0.1530,0.1491,0.1459,0.1432,0.1411,0.1396,0.1388,0.1387,0.1392,0.1405,0.1425,0.1453,0.1489,0.1532,0.1533,0.1588,0.1674,0.1746}
};
float winch_sc_pose44[2][61]=
{{0.5035,0.5015,0.4999,0.4976,0.4920,0.4937,0.4946,0.4936,0.4917,0.4917,0.4920,0.4907,0.4954,0.4959,0.4966,0.4975,0.4985,0.4980,0.4997,0.5015,0.5034,0.5053,0.5072,0.5090,0.5100,0.5119,0.5135,0.5142,0.5174,0.5204,0.5222,0.5188,0.5273,0.5294,0.5276,0.5294,0.5345,0.5364,0.5381,0.5398,0.5414,0.5406,0.5444,0.5464,0.5468,0.5485,0.5500,0.5507,0.5512,0.5514,0.5514,0.5511,0.5507,0.5500,0.5499,0.5491,0.5473,0.5545,0.5446,0.5500,0.5474},
{0.1777,0.2399,0.2954,0.3430,0.3797,0.4193,0.4507,0.4735,0.4889,0.5000,0.5053,0.5031,0.5008,0.4891,0.4722,0.4504,0.4239,0.3909,0.3562,0.3178,0.2759,0.2307,0.1828,0.1322,0.0758,0.0224,-0.0355,-0.0890,-0.1564,-0.2195,-0.2798,-0.3322,-0.4024,-0.4622,-0.5171,-0.5747,-0.6335,-0.6872,-0.7387,-0.7874,-0.8332,-0.8744,-0.9149,-0.9504,-0.9811,-1.0081,-1.0306,-1.0478,-1.0598,-1.0666,-1.0679,-1.0634,-1.0531,-1.0369,-1.0150,-0.9865,-0.9513,-0.9153,-0.8626,-0.8133,-0.7525}
};
float winch_sc_pose45[2][61]=
{{0.5474,0.5828,0.6146,0.6425,0.6668,0.6873,0.7041,0.7172,0.7269,0.7330,0.7357,0.7350,0.7312,0.7243,0.7144,0.7016,0.6861,0.6681,0.6477,0.6250,0.6003,0.5736,0.5452,0.5152,0.4839,0.4514,0.4179,0.3824,0.3475,0.3134,0.2779,0.2401,0.2020,0.1677,0.1322,0.0979,0.0650,0.0335,0.0034,-0.0250,-0.0518,-0.0766,-0.0992,-0.1260,-0.1438,-0.1591,-0.1717,-0.1815,-0.1883,-0.1921,-0.1927,-0.1901,-0.1782,-0.1686,-0.1554,-0.1386,-0.1180,-0.0938,-0.0657,-0.0337,0.0018},
{-0.7525,-0.7726,-0.7907,-0.8065,-0.8203,-0.8319,-0.8415,-0.8489,-0.8544,-0.8579,-0.8594,-0.8591,-0.8569,-0.8530,-0.8473,-0.8401,-0.8313,-0.8211,-0.8095,-0.7966,-0.7825,-0.7673,-0.7512,-0.7341,-0.7162,-0.6977,-0.6786,-0.6583,-0.6384,-0.6189,-0.5986,-0.5773,-0.5561,-0.5366,-0.5168,-0.4978,-0.4794,-0.4618,-0.4450,-0.4291,-0.4142,-0.4003,-0.3876,-0.3784,-0.3686,-0.3602,-0.3533,-0.3479,-0.3441,-0.3420,-0.3416,-0.3431,-0.3432,-0.3485,-0.3558,-0.3651,-0.3765,-0.3900,-0.4055,-0.4232,-0.4431}
};
float winch_sc_pose46[2][61]=
{{0.0018,-0.0186,-0.0371,-0.0532,-0.0671,-0.0789,-0.0885,-0.0960,-0.1015,-0.1050,-0.1065,-0.1062,-0.1040,-0.1001,-0.0945,-0.0872,-0.0784,-0.0682,-0.0566,-0.0436,-0.0295,-0.0142,0.0021,0.0194,0.0375,0.0565,0.0769,0.0967,0.1163,0.1388,0.1564,0.1842,0.2045,0.2246,0.2444,0.2637,0.2824,0.3005,0.3177,0.3341,0.3494,0.3637,0.3767,0.3884,0.3988,0.4077,0.4150,0.4206,0.4245,0.4267,0.4270,0.4253,0.4217,0.4161,0.4084,0.3986,0.3866,0.3726,0.3563,0.3379,0.3174},
{-0.4431,-0.4150,-0.3900,-0.3680,-0.3489,-0.3328,-0.3196,-0.3093,-0.3018,-0.2970,-0.2949,-0.2955,-0.2985,-0.3040,-0.3118,-0.3219,-0.3341,-0.3483,-0.3644,-0.3824,-0.4019,-0.4230,-0.4454,-0.4692,-0.4940,-0.5198,-0.5466,-0.5739,-0.6015,-0.6302,-0.6578,-0.6881,-0.7164,-0.7443,-0.7718,-0.7987,-0.8248,-0.8499,-0.8740,-0.8968,-0.9182,-0.9381,-0.9563,-0.9728,-0.9872,-0.9997,-1.0099,-1.0179,-1.0235,-1.0265,-1.0270,-1.0249,-1.0199,-1.0122,-1.0016,-0.9881,-0.9716,-0.9522,-0.9297,-0.9043,-0.8758}
};
float winch_sc_pose47[2][61]=
{{0.3174,0.2624,0.2150,0.1750,0.1345,0.0996,0.0786,0.0516,0.0362,0.0263,0.0218,0.0225,0.0281,0.0384,0.0534,0.0768,0.1002,0.1324,0.1595,0.1973,0.2395,0.2776,0.3183,0.3628,0.4072,0.4554,0.5040,0.5538,0.6045,0.6558,0.7075,0.7592,0.8106,0.8615,0.9116,0.9605,0.9967,1.0424,1.0850,1.1265,1.1655,1.1870,1.2206,1.2510,1.2778,1.3009,1.3199,1.3348,1.3452,1.3511,1.3521,1.3483,1.3394,1.3254,1.3060,1.2813,1.2512,1.2155,1.1744,1.1279,1.0758},
{-0.8758,-0.8713,-0.8680,-0.8657,-0.8626,-0.8603,-0.8594,-0.8578,-0.8572,-0.8567,-0.8565,-0.8566,-0.8568,-0.8571,-0.8577,-0.8588,-0.8600,-0.8621,-0.8632,-0.8660,-0.8699,-0.8721,-0.8745,-0.8777,-0.8800,-0.8834,-0.8864,-0.8895,-0.8926,-0.8957,-0.8989,-0.9020,-0.9051,-0.9081,-0.9111,-0.9139,-0.9041,-0.9061,-0.9066,-0.9082,-0.9097,-0.8914,-0.8927,-0.8939,-0.8950,-0.8960,-0.8969,-0.8976,-0.8981,-0.8985,-0.8987,-0.8987,-0.8985,-0.8981,-0.8976,-0.8968,-0.8959,-0.8947,-0.8934,-0.8918,-0.8901}
};
float winch_sc_pose48[2][61]=
{{1.0758,1.1323,1.1827,1.2273,1.2658,1.2984,1.3251,1.3460,1.3612,1.3708,1.3749,1.3736,1.3673,1.3559,1.3398,1.3191,1.2942,1.2652,1.2323,1.1959,1.1563,1.1137,1.0683,1.0206,0.9708,0.9192,0.8660,0.8118,0.7566,0.7009,0.6450,0.5891,0.5401,0.4805,0.4287,0.3758,0.3239,0.2737,0.2258,0.1804,0.1378,0.0983,0.0622,0.0296,0.0009,-0.0237,-0.0440,-0.0598,-0.0708,-0.0769,-0.0778,-0.0736,-0.0639,-0.0486,-0.0276,-0.0009,0.0318,0.0705,0.1152,0.1661,0.2231},
{-0.8901,-0.9480,-0.9998,-1.0455,-1.0850,-1.1185,-1.1459,-1.1674,-1.1830,-1.1928,-1.1970,-1.1958,-1.1893,-1.1777,-1.1612,-1.1401,-1.1145,-1.0848,-1.0512,-1.0139,-0.9733,-0.9296,-0.8832,-0.8342,-0.7832,-0.7302,-0.6757,-0.6200,-0.5634,-0.5063,-0.4488,-0.3914,-0.3447,-0.2811,-0.2298,-0.1762,-0.1230,-0.0715,-0.0222,0.0245,0.0683,0.1090,0.1462,0.1797,0.2093,0.2346,0.2556,0.2718,0.2831,0.2894,0.2904,0.2860,0.2759,0.2601,0.2385,0.2108,0.1770,0.1370,0.0908,0.0383,-0.0202}
};
float winch_sc_pose49[2][61]=
{{0.2231,0.1624,0.1084,0.0608,0.0197,-0.0135,-0.0419,-0.0643,-0.0783,-0.0887,-0.0933,-0.0923,-0.0859,-0.0743,-0.0617,-0.0401,-0.0138,0.0168,0.0516,0.0902,0.1325,0.1780,0.2265,0.2776,0.3312,0.3867,0.4439,0.5012,0.5603,0.6214,0.6770,0.7370,0.7967,0.8559,0.9141,0.9711,1.0265,1.0799,1.1311,1.1797,1.2254,1.2679,1.3069,1.3421,1.3733,1.4001,1.4222,1.4396,1.4518,1.4588,1.4602,1.4560,1.4459,1.4298,1.4076,1.3792,1.3445,1.3035,1.2560,1.2021,1.1418},
{-0.0202,-0.0787,-0.1307,-0.1764,-0.2159,-0.2491,-0.2763,-0.2976,-0.3126,-0.3225,-0.3269,-0.3259,-0.3199,-0.3088,-0.2938,-0.2731,-0.2480,-0.2188,-0.1856,-0.1487,-0.1085,-0.0652,-0.0190,0.0297,0.0806,0.1333,0.1877,0.2406,0.2964,0.3552,0.4044,0.4613,0.5180,0.5741,0.6293,0.6832,0.7357,0.7863,0.8348,0.8808,0.9241,0.9643,1.0012,1.0346,1.0640,1.0894,1.1103,1.1267,1.1383,1.1449,1.1462,1.1422,1.1326,1.1173,1.0963,1.0694,1.0365,0.9976,0.9526,0.9015,0.8444}
};
