float winch_sc_pose1[2][61]=
{{-0.3187,-0.3862,-0.4466,-0.4996,-0.5455,-0.5842,-0.6159,-0.6406,-0.6584,-0.6697,-0.6744,-0.6727,-0.6650,-0.6514,-0.6321,-0.6074,-0.5775,-0.5428,-0.5034,-0.4598,-0.4121,-0.3607,-0.3059,-0.2480,-0.1874,-0.1243,-0.0592,0.0076,0.0757,0.1448,0.2145,0.2844,0.3540,0.4230,0.4909,0.5575,0.6222,0.6847,0.7445,0.8014,0.8549,0.9047,0.9504,0.9917,1.0283,1.0597,1.0858,1.1063,1.1209,1.1293,1.1313,1.1267,1.1154,1.0972,1.0720,1.0397,1.0002,0.9534,0.8994,0.8383,0.7699},
{0.0410,0.0927,0.1387,0.1791,0.2140,0.2433,0.2671,0.2855,0.2985,0.3063,0.3089,0.3064,0.2991,0.2870,0.2703,0.2492,0.2238,0.1945,0.1613,0.1246,0.0846,0.0415,-0.0044,-0.0527,-0.1032,-0.1555,-0.2094,-0.2644,-0.3203,-0.3768,-0.4334,-0.4900,-0.5462,-0.6017,-0.6561,-0.7092,-0.7608,-0.8104,-0.8579,-0.9029,-0.9452,-0.9845,-1.0205,-1.0531,-1.0819,-1.1068,-1.1274,-1.1437,-1.1553,-1.1622,-1.1642,-1.1610,-1.1526,-1.1389,-1.1198,-1.0951,-1.0650,-1.0292,-0.9879,-0.9411,-0.8888}
};
float winch_sc_pose2[2][61]=
{{0.7699,0.8172,0.8596,0.8969,0.9293,0.9568,0.9794,0.9972,1.0103,1.0188,1.0229,1.0226,1.0181,1.0095,0.9970,0.9808,0.9611,0.9380,0.9118,0.8826,0.8508,0.8165,0.7799,0.7413,0.7009,0.6590,0.6159,0.5717,0.5268,0.4813,0.4357,0.3900,0.3446,0.2998,0.2558,0.2128,0.1711,0.1310,0.0926,0.0563,0.0222,-0.0094,-0.0382,-0.0642,-0.0870,-0.1065,-0.1225,-0.1348,-0.1432,-0.1476,-0.1479,-0.1438,-0.1352,-0.1221,-0.1043,-0.0818,-0.0545,-0.0222,0.0149,0.0571,0.1041},
{-0.8888,-0.8708,-0.8548,-0.8406,-0.8283,-0.8178,-0.8091,-0.8022,-0.7970,-0.7935,-0.7917,-0.7914,-0.7927,-0.7954,-0.7995,-0.8050,-0.8117,-0.8196,-0.8286,-0.8387,-0.8496,-0.8614,-0.8740,-0.8872,-0.9010,-0.9153,-0.9300,-0.9450,-0.9602,-0.9756,-0.9910,-1.0063,-1.0216,-1.0366,-1.0513,-1.0656,-1.0795,-1.0928,-1.1055,-1.1175,-1.1288,-1.1391,-1.1486,-1.1570,-1.1643,-1.1705,-1.1755,-1.1791,-1.1814,-1.1824,-1.1818,-1.1797,-1.1760,-1.1707,-1.1637,-1.1550,-1.1446,-1.1324,-1.1183,-1.1024,-1.0847}
};
float winch_sc_pose3[2][61]=
{{0.1041,0.1294,0.1520,0.1719,0.1891,0.2038,0.2158,0.2253,0.2323,0.2369,0.2392,0.2391,0.2369,0.2325,0.2261,0.2177,0.2075,0.1955,0.1819,0.1668,0.1502,0.1324,0.1133,0.0933,0.0722,0.0504,0.0280,0.0050,-0.0184,-0.0421,-0.0659,-0.0897,-0.1134,-0.1368,-0.1598,-0.1822,-0.2040,-0.2249,-0.2449,-0.2639,-0.2817,-0.2981,-0.3132,-0.3267,-0.3385,-0.3486,-0.3568,-0.3630,-0.3672,-0.3692,-0.3690,-0.3665,-0.3616,-0.3543,-0.3445,-0.3321,-0.3172,-0.2996,-0.2794,-0.2566,-0.2312},
{-1.0847,-1.0768,-1.0697,-1.0634,-1.0579,-1.0532,-1.0493,-1.0462,-1.0437,-1.0420,-1.0409,-1.0405,-1.0408,-1.0416,-1.0430,-1.0450,-1.0475,-1.0505,-1.0539,-1.0578,-1.0621,-1.0667,-1.0717,-1.0770,-1.0825,-1.0882,-1.0942,-1.1003,-1.1065,-1.1128,-1.1191,-1.1255,-1.1318,-1.1381,-1.1442,-1.1502,-1.1560,-1.1616,-1.1670,-1.1720,-1.1767,-1.1811,-1.1850,-1.1886,-1.1916,-1.1942,-1.1962,-1.1977,-1.1986,-1.1988,-1.1985,-1.1974,-1.1957,-1.1932,-1.1900,-1.1861,-1.1813,-1.1758,-1.1695,-1.1624,-1.1545}
};
float winch_sc_pose4[2][61]=
{{-0.2312,-0.2217,-0.2134,-0.2062,-0.2001,-0.1951,-0.1914,-0.1888,-0.1875,-0.1873,-0.1884,-0.1906,-0.1939,-0.1984,-0.2040,-0.2106,-0.2182,-0.2268,-0.2363,-0.2467,-0.2580,-0.2700,-0.2828,-0.2963,-0.3105,-0.3253,-0.3407,-0.3566,-0.3728,-0.3892,-0.4055,-0.4217,-0.4373,-0.4521,-0.4660,-0.4788,-0.4904,-0.5008,-0.5100,-0.5181,-0.5320,-0.5455,-0.5323,-0.5151,-0.4956,-0.4753,-0.4553,-0.4363,-0.4187,-0.4026,-0.3879,-0.3745,-0.3623,-0.3509,-0.3402,-0.3298,-0.3196,-0.3093,-0.2986,-0.2872,-0.2748},
{-1.1545,-1.2954,-1.4214,-1.5323,-1.6283,-1.7093,-1.7757,-1.8274,-1.8649,-1.8883,-1.8981,-1.8947,-1.8784,-1.8498,-1.8093,-1.7576,-1.6953,-1.6229,-1.5411,-1.4506,-1.3521,-1.2463,-1.1338,-1.0154,-0.8919,-0.7638,-0.6320,-0.4971,-0.3598,-0.2209,-0.0811,0.0589,0.1982,0.3361,0.4717,0.6041,0.7326,0.8563,0.9745,1.0863,1.1851,1.2691,1.3583,1.4388,1.5097,1.5704,1.6204,1.6591,1.6860,1.7006,1.7025,1.6913,1.6666,1.6281,1.5755,1.5085,1.4270,1.3308,1.2197,1.0938,0.9531}
};
float winch_sc_pose5[2][61]=
{{-0.2748,-0.3663,-0.4483,-0.5207,-0.5837,-0.6374,-0.6819,-0.7175,-0.7445,-0.7631,-0.7738,-0.7771,-0.7734,-0.7634,-0.7476,-0.7266,-0.7011,-0.6715,-0.6381,-0.6009,-0.5597,-0.5142,-0.4638,-0.4080,-0.3464,-0.2788,-0.2056,-0.1271,-0.0442,0.0423,0.1314,0.2223,0.3139,0.4055,0.4963,0.5855,0.6725,0.7567,0.8375,0.9143,0.9866,1.0539,1.1158,1.1719,1.2215,1.2645,1.3003,1.3286,1.3490,1.3614,1.3652,1.3604,1.3466,1.3237,1.2915,1.2498,1.1986,1.1377,1.0672,0.9871,0.8974},
{0.9531,1.0622,1.1597,1.2453,1.3190,1.3808,1.4307,1.4686,1.4947,1.5092,1.5122,1.5038,1.4845,1.4545,1.4142,1.3640,1.3046,1.2366,1.1609,1.0784,0.9901,0.8971,0.8005,0.7010,0.5994,0.4963,0.3919,0.2866,0.1806,0.0742,-0.0324,-0.1388,-0.2445,-0.3493,-0.4524,-0.5533,-0.6516,-0.7466,-0.8377,-0.9244,-1.0060,-1.0820,-1.1519,-1.2150,-1.2708,-1.3189,-1.3587,-1.3898,-1.4118,-1.4242,-1.4266,-1.4188,-1.4003,-1.3710,-1.3306,-1.2789,-1.2158,-1.1410,-1.0547,-0.9566,-0.8468}
};
float winch_sc_pose6[2][61]=
{{0.8974,0.9316,0.9622,0.9891,1.0124,1.0320,1.0480,1.0605,1.0695,1.0750,1.0772,1.0760,1.0718,1.0644,1.0541,1.0410,1.0253,1.0070,0.9864,0.9635,0.9387,0.9120,0.8861,0.8572,0.8264,0.7945,0.7617,0.7281,0.6939,0.6593,0.6246,0.5899,0.5553,0.5212,0.4877,0.4549,0.4231,0.3925,0.3632,0.3354,0.3094,0.2852,0.2630,0.2430,0.2254,0.2103,0.1978,0.1880,0.1812,0.1773,0.1766,0.1792,0.1850,0.1942,0.2068,0.2230,0.2428,0.2661,0.2930,0.3236,0.3577},
{-0.8468,-0.8653,-0.8818,-0.8963,-0.9088,-0.9193,-0.9277,-0.9342,-0.9386,-0.9411,-0.9417,-0.9404,-0.9373,-0.9325,-0.9259,-0.9177,-0.9080,-0.8968,-0.8842,-0.8703,-0.8552,-0.8390,-0.8206,-0.8032,-0.7855,-0.7672,-0.7484,-0.7290,-0.7093,-0.6894,-0.6694,-0.6493,-0.6293,-0.6095,-0.5900,-0.5710,-0.5524,-0.5345,-0.5174,-0.5011,-0.4857,-0.4714,-0.4582,-0.4462,-0.4356,-0.4264,-0.4187,-0.4126,-0.4081,-0.4054,-0.4044,-0.4052,-0.4079,-0.4126,-0.4191,-0.4276,-0.4382,-0.4507,-0.4652,-0.4817,-0.5001}
};
float winch_sc_pose7[2][61]=
{{0.3577,0.4683,0.5671,0.6541,0.7294,0.7929,0.8449,0.8853,0.9145,0.9327,0.9400,0.9369,0.9237,0.9007,0.8684,0.8273,0.7778,0.7204,0.6558,0.5843,0.5065,0.4230,0.3342,0.2405,0.1425,0.0404,-0.0652,-0.1739,-0.2850,-0.3981,-0.5124,-0.6273,-0.7421,-0.8561,-0.9686,-1.0789,-1.1864,-1.2905,-1.3904,-1.4856,-1.5753,-1.6590,-1.7361,-1.8061,-1.8670,-1.9191,-1.9625,-1.9967,-2.0213,-2.0357,-2.0397,-2.0329,-2.0149,-1.9855,-1.9445,-1.8916,-1.8268,-1.7500,-1.6611,-1.5600,-1.4470},
{-0.5001,-0.6055,-0.6996,-0.7824,-0.8539,-0.9142,-0.9634,-1.0015,-1.0287,-1.0452,-1.0512,-1.0471,-1.0330,-1.0093,-0.9763,-0.9344,-0.8840,-0.8255,-0.7593,-0.6860,-0.6061,-0.5203,-0.4291,-0.3333,-0.2335,-0.1306,-0.0251,0.0822,0.1910,0.3006,0.4105,0.5204,0.6296,0.7377,0.8441,0.9482,1.0496,1.1477,1.2418,1.3314,1.4159,1.4947,1.5673,1.6331,1.6922,1.7438,1.7869,1.8211,1.8460,1.8611,1.8661,1.8606,1.8443,1.8171,1.7786,1.7287,1.6674,1.5944,1.5100,1.4140,1.3065}
};
float winch_sc_pose8[2][61]=
{{-1.4470,-1.5068,-1.5604,-1.6078,-1.6490,-1.6840,-1.7130,-1.7360,-1.7532,-1.7647,-1.7706,-1.7709,-1.7633,-1.7503,-1.7321,-1.7091,-1.6813,-1.6492,-1.6102,-1.5598,-1.5051,-1.4466,-1.3844,-1.3190,-1.2508,-1.1801,-1.1073,-1.0329,-0.9573,-0.8809,-0.8041,-0.7274,-0.6512,-0.5760,-0.5021,-0.4301,-0.3602,-0.2929,-0.2287,-0.1677,-0.1104,-0.0571,-0.0081,0.0363,0.0758,0.1103,0.1395,0.1632,0.1812,0.1934,0.1996,0.1996,0.1934,0.1809,0.1621,0.1368,0.1051,0.0670,0.0225,-0.0283,-0.0853},
{1.3065,1.3031,1.3000,1.2972,1.2945,1.2920,1.2897,1.2874,1.2851,1.2830,1.2808,1.2787,1.2779,1.2773,1.2767,1.2763,1.2760,1.2758,1.2766,1.2805,1.2844,1.2883,1.2921,1.2956,1.2989,1.3019,1.3044,1.3065,1.3080,1.3090,1.3094,1.3092,1.3084,1.3070,1.3050,1.3026,1.2996,1.2962,1.2924,1.2883,1.2840,1.2795,1.2748,1.2702,1.2655,1.2610,1.2565,1.2522,1.2480,1.2440,1.2401,1.2365,1.2330,1.2296,1.2263,1.2230,1.2198,1.2164,1.2129,1.2092,1.2052}
};
float winch_sc_pose9[2][61]=
{{-0.0853,-0.1458,-0.2000,-0.2479,-0.2896,-0.3251,-0.3545,-0.3781,-0.3960,-0.4084,-0.4155,-0.4178,-0.4156,-0.4094,-0.3996,-0.3868,-0.3718,-0.3552,-0.3377,-0.3200,-0.3027,-0.2862,-0.2703,-0.2548,-0.2384,-0.2199,-0.1977,-0.1705,-0.1371,-0.0975,-0.0519,-0.0012,0.0536,0.1111,0.1701,0.2303,0.2987,0.3649,0.4215,0.4712,0.5184,0.5627,0.6038,0.6412,0.6746,0.7037,0.7281,0.7477,0.7621,0.7711,0.7746,0.7723,0.7641,0.7498,0.7294,0.7028,0.6699,0.6307,0.5852,0.5334,0.4753},
{1.2052,1.3292,1.4401,1.5377,1.6219,1.6928,1.7504,1.7948,1.8262,1.8448,1.8508,1.8445,1.8262,1.7963,1.7551,1.7032,1.6409,1.5690,1.4879,1.3984,1.3014,1.1978,1.0889,0.9758,0.8599,0.7423,0.6241,0.5059,0.3883,0.2714,0.1554,0.0404,-0.0736,-0.1862,-0.2971,-0.4054,-0.5066,-0.6043,-0.7052,-0.8059,-0.9005,-0.9884,-1.0690,-1.1418,-1.2063,-1.2618,-1.3078,-1.3438,-1.3694,-1.3841,-1.3875,-1.3792,-1.3589,-1.3262,-1.2810,-1.2230,-1.1520,-1.0679,-0.9707,-0.8603,-0.7367}
};
float winch_sc_pose10[2][61]=
{{0.4753,0.4820,0.4880,0.4933,0.4979,0.5017,0.5048,0.5073,0.5090,0.5100,0.5104,0.5101,0.5092,0.5077,0.5055,0.5029,0.4996,0.4959,0.4917,0.4871,0.4820,0.4766,0.4708,0.4647,0.4583,0.4517,0.4449,0.4380,0.4309,0.4238,0.4166,0.4094,0.4023,0.3952,0.3883,0.3815,0.3749,0.3685,0.3625,0.3567,0.3513,0.3462,0.3416,0.3374,0.3337,0.3305,0.3279,0.3258,0.3243,0.3234,0.3231,0.3235,0.3246,0.3263,0.3287,0.3318,0.3357,0.3402,0.3455,0.3515,0.3582},
{-0.7367,-0.7462,-0.7546,-0.7620,-0.7684,-0.7739,-0.7783,-0.7817,-0.7842,-0.7857,-0.7863,-0.7860,-0.7848,-0.7828,-0.7799,-0.7763,-0.7719,-0.7669,-0.7612,-0.7548,-0.7479,-0.7405,-0.7325,-0.7242,-0.7155,-0.7065,-0.6972,-0.6876,-0.6779,-0.6681,-0.6583,-0.6484,-0.6386,-0.6290,-0.6194,-0.6101,-0.6011,-0.5924,-0.5841,-0.5762,-0.5687,-0.5618,-0.5555,-0.5498,-0.5447,-0.5404,-0.5368,-0.5339,-0.5319,-0.5307,-0.5304,-0.5310,-0.5326,-0.5350,-0.5385,-0.5429,-0.5483,-0.5548,-0.5622,-0.5706,-0.5801}
};
float winch_sc_pose11[2][61]=
{{0.3582,0.3752,0.3903,0.4037,0.4153,0.4251,0.4331,0.4394,0.4440,0.4469,0.4482,0.4480,0.4461,0.4428,0.4381,0.4320,0.4246,0.4160,0.4062,0.3954,0.3836,0.3709,0.3573,0.3430,0.3281,0.3126,0.2966,0.2803,0.2637,0.2469,0.2300,0.2132,0.1964,0.1798,0.1636,0.1477,0.1322,0.1174,0.1032,0.0897,0.0771,0.0653,0.0546,0.0450,0.0364,0.0291,0.0231,0.0185,0.0152,0.0135,0.0132,0.0146,0.0175,0.0221,0.0285,0.0365,0.0463,0.0579,0.0712,0.0864,0.1034},
{-0.5801,-0.5847,-0.5888,-0.5924,-0.5955,-0.5981,-0.6002,-0.6017,-0.6028,-0.6033,-0.6033,-0.6029,-0.6020,-0.6006,-0.5987,-0.5965,-0.5938,-0.5907,-0.5873,-0.5835,-0.5794,-0.5750,-0.5703,-0.5654,-0.5603,-0.5549,-0.5495,-0.5438,-0.5381,-0.5323,-0.5265,-0.5207,-0.5149,-0.5091,-0.5035,-0.4979,-0.4925,-0.4873,-0.4824,-0.4776,-0.4731,-0.4689,-0.4651,-0.4616,-0.4584,-0.4557,-0.4533,-0.4514,-0.4500,-0.4490,-0.4485,-0.4485,-0.4490,-0.4500,-0.4515,-0.4535,-0.4561,-0.4592,-0.4628,-0.4669,-0.4715}
};
float winch_sc_pose12[2][61]=
{{0.1034,0.1279,0.1498,0.1690,0.1855,0.1992,0.2102,0.2185,0.2241,0.2271,0.2276,0.2255,0.2210,0.2142,0.2051,0.1939,0.1807,0.1657,0.1489,0.1307,0.1111,0.0904,0.0686,0.0461,0.0230,-0.0005,-0.0337,-0.0725,-0.1114,-0.1415,-0.1625,-0.1798,-0.1931,-0.2020,-0.2068,-0.2076,-0.2051,-0.2002,-0.1935,-0.1860,-0.1782,-0.1706,-0.1635,-0.1570,-0.1510,-0.1453,-0.1399,-0.1343,-0.1284,-0.1218,-0.1143,-0.1057,-0.0957,-0.0841,-0.0707,-0.0553,-0.0378,-0.0181,0.0041,0.0288,0.0562},
{-0.4715,-0.5666,-0.6514,-0.7261,-0.7906,-0.8451,-0.8896,-0.9244,-0.9495,-0.9652,-0.9717,-0.9694,-0.9584,-0.9390,-0.9117,-0.8768,-0.8346,-0.7855,-0.7300,-0.6685,-0.6014,-0.5292,-0.4523,-0.3713,-0.2866,-0.1988,-0.1184,-0.0419,0.0356,0.1180,0.2044,0.2910,0.3776,0.4639,0.5498,0.6347,0.7184,0.8003,0.8799,0.9564,1.0292,1.0976,1.1609,1.2186,1.2699,1.3143,1.3513,1.3805,1.4014,1.4137,1.4170,1.4110,1.3955,1.3703,1.3352,1.2901,1.2348,1.1693,1.0937,1.0079,0.9121}
};
float winch_sc_pose13[2][61]=
{{0.0562,-0.0111,-0.0714,-0.1249,-0.1715,-0.2115,-0.2450,-0.2722,-0.2934,-0.3088,-0.3188,-0.3237,-0.3239,-0.3199,-0.3121,-0.3011,-0.2872,-0.2709,-0.2526,-0.2324,-0.2103,-0.1864,-0.1602,-0.1314,-0.0994,-0.0638,-0.0243,0.0193,0.0670,0.1184,0.1732,0.2307,0.2902,0.3510,0.4124,0.4738,0.5343,0.5936,0.6508,0.7057,0.7576,0.8061,0.8508,0.8914,0.9275,0.9587,0.9848,1.0055,1.0204,1.0295,1.0324,1.0290,1.0191,1.0026,0.9794,0.9493,0.9122,0.8683,0.8173,0.7595,0.6947},
{0.9121,1.0096,1.0965,1.1729,1.2386,1.2935,1.3378,1.3714,1.3945,1.4071,1.4095,1.4019,1.3846,1.3578,1.3221,1.2778,1.2255,1.1657,1.0992,1.0267,0.9491,0.8672,0.7818,0.6938,0.6039,0.5128,0.4209,0.3286,0.2362,0.1438,0.0518,-0.0397,-0.1303,-0.2199,-0.3079,-0.3941,-0.4779,-0.5589,-0.6367,-0.7106,-0.7802,-0.8450,-0.9044,-0.9581,-1.0054,-1.0461,-1.0795,-1.1053,-1.1232,-1.1327,-1.1334,-1.1251,-1.1076,-1.0804,-1.0435,-0.9966,-0.9395,-0.8723,-0.7946,-0.7067,-0.6083}
};
float winch_sc_pose14[2][61]=
{{0.6947,0.8126,0.9181,1.0112,1.0918,1.1600,1.2157,1.2592,1.2906,1.3101,1.3181,1.3148,1.3006,1.2760,1.2415,1.1991,1.1531,1.0927,1.0243,0.9485,0.8658,0.7770,0.6825,0.5832,0.4795,0.3722,0.2619,0.1491,0.0346,-0.0813,-0.1979,-0.3147,-0.4312,-0.5469,-0.6609,-0.7729,-0.8820,-0.9876,-1.0866,-1.1804,-1.2685,-1.3505,-1.4256,-1.4933,-1.5532,-1.6046,-1.6471,-1.6801,-1.7033,-1.7162,-1.7185,-1.7097,-1.6895,-1.6576,-1.6138,-1.5578,-1.4894,-1.4085,-1.3150,-1.2087,-1.0896},
{-0.6083,-0.6644,-0.7146,-0.7587,-0.7967,-0.8285,-0.8541,-0.8736,-0.8869,-0.8942,-0.8955,-0.8911,-0.8809,-0.8653,-0.8443,-0.8175,-0.7836,-0.7510,-0.7141,-0.6730,-0.6279,-0.5792,-0.5269,-0.4716,-0.4134,-0.3529,-0.2904,-0.2266,-0.1620,-0.0972,-0.0328,0.0309,0.0934,0.1543,0.2136,0.2710,0.3262,0.3792,0.4329,0.4843,0.5328,0.5781,0.6199,0.6579,0.6917,0.7212,0.7460,0.7658,0.7805,0.7899,0.7937,0.7917,0.7839,0.7700,0.7500,0.7238,0.6913,0.6525,0.6074,0.5560,0.4984}
};
float winch_sc_pose15[2][61]=
{{-1.0896,-1.1555,-1.2144,-1.2662,-1.3109,-1.3487,-1.3794,-1.4033,-1.4205,-1.4310,-1.4351,-1.4328,-1.4245,-1.4103,-1.3904,-1.3652,-1.3348,-1.2996,-1.2598,-1.2158,-1.1679,-1.1164,-1.0616,-1.0039,-0.9437,-0.8813,-0.8171,-0.7515,-0.6847,-0.6172,-0.5494,-0.4816,-0.4143,-0.3477,-0.2822,-0.2183,-0.1563,-0.0968,-0.0400,0.0138,0.0643,0.1112,0.1542,0.1930,0.2273,0.2568,0.2812,0.3003,0.3138,0.3216,0.3232,0.3187,0.3078,0.2903,0.2661,0.2351,0.1973,0.1526,0.1009,0.0422,-0.0233},
{0.4984,0.5795,0.6519,0.7157,0.7708,0.8172,0.8551,0.8845,0.9056,0.9185,0.9234,0.9206,0.9102,0.8926,0.8680,0.8367,0.7991,0.7554,0.7062,0.6517,0.5923,0.5284,0.4605,0.3890,0.3143,0.2368,0.1570,0.0754,-0.0076,-0.0915,-0.1760,-0.2604,-0.3444,-0.4274,-0.5091,-0.5890,-0.6661,-0.7397,-0.8102,-0.8774,-0.9407,-0.9998,-1.0541,-1.1033,-1.1469,-1.1846,-1.2159,-1.2406,-1.2583,-1.2687,-1.2716,-1.2666,-1.2535,-1.2322,-1.2026,-1.1644,-1.1176,-1.0621,-0.9980,-0.9252,-0.8438}
};
float winch_sc_pose16[2][61]=
{{-0.0233,0.0660,0.1458,0.2161,0.2769,0.3283,0.3702,0.4029,0.4265,0.4411,0.4470,0.4444,0.4336,0.4149,0.3885,0.3548,0.3142,0.2670,0.2136,0.1542,0.0894,0.0193,-0.0553,-0.1339,-0.2162,-0.3016,-0.3896,-0.4798,-0.5716,-0.6647,-0.7584,-0.8523,-0.9458,-1.0386,-1.1300,-1.2196,-1.3068,-1.3911,-1.4721,-1.5492,-1.6219,-1.6897,-1.7522,-1.8089,-1.8593,-1.9030,-1.9395,-1.9685,-1.9896,-2.0025,-2.0067,-2.0022,-1.9885,-1.9656,-1.9331,-1.8911,-1.8393,-1.7778,-1.7064,-1.6253,-1.5344},
{-0.8438,-0.9718,-1.0862,-1.1870,-1.2741,-1.3476,-1.4075,-1.4541,-1.4876,-1.5081,-1.5161,-1.5118,-1.4958,-1.4683,-1.4300,-1.3813,-1.3228,-1.2552,-1.1789,-1.0948,-1.0033,-0.9038,-0.7977,-0.6859,-0.5691,-0.4480,-0.3234,-0.1958,-0.0660,0.0653,0.1973,0.3295,0.4611,0.5913,0.7194,0.8448,0.9667,1.0844,1.1973,1.3046,1.4056,1.4996,1.5861,1.6644,1.7337,1.7937,1.8435,1.8828,1.9111,1.9277,1.9324,1.9246,1.9041,1.8706,1.8238,1.7635,1.6895,1.6017,1.5002,1.3848,1.2557}
};
float winch_sc_pose17[2][61]=
{{-1.5344,-1.6864,-1.8223,-1.9420,-2.0456,-2.1330,-2.2045,-2.2602,-2.3003,-2.3252,-2.3353,-2.3309,-2.3125,-2.2808,-2.2362,-2.1794,-2.1111,-2.0319,-1.9426,-1.8439,-1.7366,-1.6214,-1.4973,-1.3645,-1.2264,-1.0838,-0.9377,-0.7890,-0.6386,-0.4876,-0.3368,-0.1872,-0.0394,0.1060,0.2485,0.3877,0.5232,0.6543,0.7804,0.9005,1.0139,1.1196,1.2169,1.3050,1.3831,1.4505,1.5066,1.5506,1.5821,1.6005,1.6030,1.5931,1.5698,1.5317,1.4784,1.4097,1.3253,1.2252,1.1093,0.9775,0.8300},
{1.2557,1.3750,1.4815,1.5753,1.6561,1.7240,1.7790,1.8213,1.8510,1.8683,1.8735,1.8669,1.8489,1.8200,1.7806,1.7313,1.6726,1.6050,1.5293,1.4460,1.3557,1.2592,1.1583,1.0539,0.9452,0.8328,0.7172,0.5988,0.4782,0.3557,0.2318,0.1068,-0.0187,-0.1439,-0.2677,-0.3890,-0.5067,-0.6197,-0.7272,-0.8287,-0.9235,-1.0112,-1.0914,-1.1635,-1.2272,-1.2821,-1.3277,-1.3635,-1.3893,-1.4045,-1.4111,-1.4058,-1.3883,-1.3589,-1.3174,-1.2636,-1.1974,-1.1187,-1.0274,-0.9236,-0.8072}
};
float winch_sc_pose18[2][61]=
{{0.8300,0.9600,1.0762,1.1783,1.2665,1.3408,1.4015,1.4490,1.4856,1.5070,1.5157,1.5121,1.4967,1.4698,1.4318,1.3834,1.3250,1.2572,1.1805,1.0956,1.0032,0.9039,0.7984,0.6874,0.5718,0.4521,0.3292,0.2037,0.0764,-0.0523,-0.1817,-0.3113,-0.4406,-0.5690,-0.6958,-0.8204,-0.9417,-1.0572,-1.1677,-1.2727,-1.3715,-1.4633,-1.5476,-1.6237,-1.6909,-1.7487,-1.7964,-1.8335,-1.8595,-1.8739,-1.8761,-1.8659,-1.8428,-1.8065,-1.7567,-1.6933,-1.6160,-1.5247,-1.4193,-1.3000,-1.1666},
{-0.8072,-0.8790,-0.9429,-0.9990,-1.0472,-1.0875,-1.1200,-1.1445,-1.1606,-1.1715,-1.1753,-1.1720,-1.1618,-1.1450,-1.1218,-1.0925,-1.0572,-1.0163,-0.9700,-0.9185,-0.8623,-0.8016,-0.7366,-0.6679,-0.5957,-0.5205,-0.4429,-0.3635,-0.2829,-0.2019,-0.1211,-0.0412,0.0374,0.1141,0.1889,0.2613,0.3317,0.4028,0.4712,0.5364,0.5980,0.6557,0.7089,0.7574,0.8006,0.8382,0.8699,0.8953,0.9141,0.9260,0.9307,0.9280,0.9177,0.8996,0.8736,0.8397,0.7977,0.7476,0.6895,0.6235,0.5497}
};
float winch_sc_pose19[2][61]=
{{-1.1666,-1.2678,-1.3583,-1.4381,-1.5073,-1.5658,-1.6138,-1.6515,-1.6789,-1.6964,-1.7040,-1.7022,-1.6913,-1.6715,-1.6433,-1.6070,-1.5631,-1.5120,-1.4541,-1.3900,-1.3201,-1.2449,-1.1650,-1.0809,-0.9930,-0.9019,-0.8082,-0.7125,-0.6151,-0.5155,-0.4155,-0.3160,-0.2174,-0.1202,-0.0250,0.0678,0.1578,0.2445,0.3274,0.4061,0.4801,0.5489,0.6120,0.6690,0.7195,0.7628,0.7987,0.8267,0.8465,0.8576,0.8597,0.8526,0.8359,0.8095,0.7730,0.7263,0.6694,0.6020,0.5241,0.4356,0.3367},
{0.5497,0.6086,0.6612,0.7074,0.7473,0.7808,0.8079,0.8287,0.8431,0.8515,0.8538,0.8502,0.8409,0.8261,0.8060,0.7810,0.7511,0.7168,0.6783,0.6360,0.5900,0.5409,0.4888,0.4342,0.3773,0.3185,0.2582,0.1967,0.1343,0.0736,0.0128,-0.0484,-0.1097,-0.1707,-0.2312,-0.2909,-0.3493,-0.4060,-0.4606,-0.5127,-0.5618,-0.6077,-0.6499,-0.6882,-0.7221,-0.7515,-0.7761,-0.7957,-0.8101,-0.8190,-0.8224,-0.8200,-0.8118,-0.7976,-0.7773,-0.7509,-0.7183,-0.6795,-0.6344,-0.5831,-0.5256}
};
float winch_sc_pose20[2][61]=
{{0.3367,0.4230,0.5001,0.5679,0.6265,0.6758,0.7161,0.7473,0.7698,0.7835,0.7888,0.7858,0.7749,0.7563,0.7305,0.6976,0.6582,0.6126,0.5612,0.5045,0.4430,0.3770,0.3070,0.2335,0.1568,0.0772,-0.0048,-0.0889,-0.1748,-0.2620,-0.3502,-0.4388,-0.5277,-0.6195,-0.7099,-0.7984,-0.8824,-0.9562,-1.0269,-1.0944,-1.1581,-1.2178,-1.2729,-1.3229,-1.3674,-1.4058,-1.4378,-1.4629,-1.4806,-1.4908,-1.4929,-1.4867,-1.4720,-1.4485,-1.4161,-1.3745,-1.3238,-1.2637,-1.1944,-1.1157,-1.0278},
{-0.5256,-0.6268,-0.7173,-0.7968,-0.8655,-0.9234,-0.9705,-1.0072,-1.0334,-1.0494,-1.0554,-1.0517,-1.0386,-1.0164,-0.9854,-0.9459,-0.8984,-0.8433,-0.7810,-0.7119,-0.6365,-0.5553,-0.4689,-0.3779,-0.2828,-0.1843,-0.0830,0.0203,0.1251,0.2307,0.3367,0.4423,0.5468,0.6469,0.7454,0.8418,0.9368,1.0332,1.1255,1.2133,1.2957,1.3724,1.4427,1.5063,1.5625,1.6110,1.6513,1.6831,1.7059,1.7194,1.7233,1.7172,1.7009,1.6741,1.6367,1.5886,1.5295,1.4596,1.3786,1.2868,1.1841}
};
float winch_sc_pose21[2][61]=
{{-1.0278,-1.1274,-1.2164,-1.2948,-1.3627,-1.4200,-1.4668,-1.5034,-1.5298,-1.5464,-1.5533,-1.5508,-1.5393,-1.5193,-1.4910,-1.4550,-1.4117,-1.3618,-1.3056,-1.2438,-1.1769,-1.1052,-1.0292,-0.9433,-0.8490,-0.7515,-0.6526,-0.5550,-0.4562,-0.3569,-0.2575,-0.1586,-0.0606,0.0362,0.1315,0.2248,0.3157,0.4038,0.4886,0.5695,0.6458,0.7172,0.7829,0.8425,0.8954,0.9412,0.9793,1.0094,1.0310,1.0439,1.0476,1.0418,1.0264,1.0010,0.9654,0.9196,0.8634,0.7967,0.7194,0.6317,0.5336},
{1.1841,1.3013,1.4060,1.4982,1.5778,1.6449,1.6996,1.7420,1.7723,1.7906,1.7973,1.7927,1.7771,1.7509,1.7145,1.6683,1.6128,1.5485,1.4758,1.3954,1.3078,1.2136,1.1136,1.0122,0.9093,0.8027,0.6919,0.5756,0.4571,0.3370,0.2158,0.0942,-0.0272,-0.1474,-0.2659,-0.3817,-0.4941,-0.6024,-0.7059,-0.8039,-0.8959,-0.9813,-1.0596,-1.1302,-1.1927,-1.2465,-1.2913,-1.3264,-1.3515,-1.3663,-1.3702,-1.3630,-1.3443,-1.3140,-1.2717,-1.2172,-1.1506,-1.0715,-0.9800,-0.8761,-0.7599}
};
float winch_sc_pose22[2][61]=
{{0.5336,0.6023,0.6638,0.7180,0.7647,0.8041,0.8361,0.8607,0.8782,0.8885,0.8919,0.8885,0.8786,0.8623,0.8400,0.8118,0.7783,0.7396,0.6961,0.6482,0.5964,0.5411,0.4826,0.4216,0.3585,0.2899,0.2130,0.1345,0.0550,-0.0170,-0.0858,-0.1515,-0.2130,-0.2696,-0.3205,-0.3657,-0.4055,-0.4408,-0.4725,-0.5016,-0.5290,-0.5551,-0.5799,-0.6032,-0.6245,-0.6434,-0.6591,-0.6711,-0.6787,-0.6816,-0.6791,-0.6709,-0.6566,-0.6359,-0.6085,-0.5742,-0.5329,-0.4843,-0.4284,-0.3650,-0.2942},
{-0.7599,-0.8769,-0.9817,-1.0741,-1.1541,-1.2218,-1.2771,-1.3204,-1.3517,-1.3712,-1.3793,-1.3762,-1.3624,-1.3381,-1.3039,-1.2601,-1.2074,-1.1460,-1.0767,-0.9999,-0.9162,-0.8261,-0.7302,-0.6290,-0.5231,-0.4172,-0.3153,-0.2112,-0.1055,0.0048,0.1166,0.2289,0.3415,0.4541,0.5666,0.6786,0.7895,0.8986,1.0050,1.1075,1.2051,1.2967,1.3813,1.4580,1.5262,1.5852,1.6346,1.6737,1.7023,1.7200,1.7264,1.7213,1.7044,1.6754,1.6342,1.5806,1.5146,1.4359,1.3446,1.2407,1.1242}
};
float winch_sc_pose23[2][61]=
{{-0.2942,-0.2719,-0.2521,-0.2349,-0.2202,-0.2082,-0.1989,-0.1922,-0.1883,-0.1872,-0.1887,-0.1929,-0.1996,-0.2090,-0.2208,-0.2351,-0.2517,-0.2706,-0.2915,-0.3145,-0.3394,-0.3660,-0.3943,-0.4240,-0.4550,-0.4872,-0.5203,-0.5542,-0.5887,-0.6236,-0.6587,-0.6938,-0.7287,-0.7633,-0.7973,-0.8305,-0.8628,-0.8940,-0.9238,-0.9522,-0.9790,-1.0040,-1.0271,-1.0482,-1.0671,-1.0838,-1.0912,-1.0982,-1.1032,-1.1061,-1.1068,-1.1052,-1.1014,-1.0952,-1.0866,-1.0755,-1.0620,-1.0460,-1.0274,-1.0064,-0.9829},
{1.1242,1.1418,1.1576,1.1716,1.1839,1.1944,1.2033,1.2106,1.2163,1.2205,1.2232,1.2245,1.2244,1.2229,1.2202,1.2163,1.2112,1.2050,1.1978,1.1895,1.1803,1.1701,1.1591,1.1473,1.1348,1.1215,1.1077,1.0932,1.0783,1.0630,1.0473,1.0313,1.0152,0.9989,0.9827,0.9666,0.9507,0.9351,0.9199,0.9053,0.8913,0.8781,0.8658,0.8545,0.8443,0.8353,0.8314,0.8269,0.8238,0.8222,0.8221,0.8236,0.8267,0.8314,0.8378,0.8460,0.8560,0.8677,0.8813,0.8966,0.9138}
};
float winch_sc_pose24[2][61]=
{{-0.9829,-0.9501,-0.9208,-0.8950,-0.8726,-0.8537,-0.8383,-0.8262,-0.8174,-0.8119,-0.8096,-0.8104,-0.8141,-0.8207,-0.8300,-0.8390,-0.8504,-0.8638,-0.8794,-0.8968,-0.9161,-0.9370,-0.9594,-0.9831,-1.0081,-1.0341,-1.0610,-1.0886,-1.1168,-1.1454,-1.1742,-1.2031,-1.2319,-1.2605,-1.2886,-1.3161,-1.3428,-1.3685,-1.3932,-1.4166,-1.4386,-1.4589,-1.4775,-1.4942,-1.5089,-1.5213,-1.5314,-1.5391,-1.5442,-1.5465,-1.5461,-1.5427,-1.5363,-1.5268,-1.5141,-1.4982,-1.4790,-1.4564,-1.4304,-1.4010,-1.3682},
{0.9138,0.9521,0.9863,1.0165,1.0426,1.0647,1.0829,1.0971,1.1074,1.1140,1.1169,1.1161,1.1119,1.1043,1.0935,1.0810,1.0658,1.0479,1.0276,1.0049,0.9801,0.9534,0.9248,0.8947,0.8633,0.8306,0.7969,0.7625,0.7274,0.6920,0.6563,0.6207,0.5853,0.5503,0.5159,0.4823,0.4498,0.4184,0.3885,0.3601,0.3335,0.3089,0.2863,0.2661,0.2484,0.2332,0.2209,0.2114,0.2051,0.2019,0.2020,0.2056,0.2127,0.2234,0.2378,0.2561,0.2781,0.3041,0.3340,0.3679,0.4058}
};
float winch_sc_pose25[2][61]=
{{-1.3682,-1.3872,-1.4042,-1.4193,-1.4324,-1.4437,-1.4530,-1.4606,-1.4663,-1.4703,-1.4727,-1.4734,-1.4725,-1.4702,-1.4664,-1.4613,-1.4549,-1.4474,-1.4387,-1.4289,-1.4182,-1.4067,-1.3944,-1.3814,-1.3678,-1.3538,-1.3393,-1.3245,-1.3095,-1.2944,-1.2793,-1.2642,-1.2493,-1.2346,-1.2203,-1.2064,-1.1930,-1.1802,-1.1680,-1.1566,-1.1461,-1.1364,-1.1277,-1.1201,-1.1136,-1.1083,-1.1043,-1.1016,-1.1003,-1.1004,-1.1021,-1.1054,-1.1103,-1.1168,-1.1252,-1.1353,-1.1474,-1.1612,-1.1764,-1.1936,-1.2129},
{0.4058,0.3581,0.3154,0.2777,0.2451,0.2174,0.1946,0.1767,0.1635,0.1550,0.1510,0.1514,0.1560,0.1648,0.1775,0.1939,0.2140,0.2374,0.2639,0.2935,0.3257,0.3605,0.3976,0.4366,0.4775,0.5199,0.5636,0.6083,0.6538,0.6999,0.7461,0.7924,0.8384,0.8839,0.9286,0.9722,1.0146,1.0554,1.0944,1.1314,1.1660,1.1982,1.2276,1.2540,1.2773,1.2971,1.3134,1.3259,1.3345,1.3389,1.3390,1.3347,1.3259,1.3124,1.2941,1.2709,1.2428,1.2097,1.1718,1.1288,1.0807}
};
float winch_sc_pose26[2][61]=
{{-1.2129,-1.1892,-1.1679,-1.1490,-1.1319,-1.1172,-1.1049,-1.0948,-1.0868,-1.0810,-1.0772,-1.0754,-1.0754,-1.0773,-1.0809,-1.0862,-1.0930,-1.1013,-1.1110,-1.1221,-1.1344,-1.1478,-1.1622,-1.1776,-1.1938,-1.2108,-1.2284,-1.2465,-1.2650,-1.2839,-1.3029,-1.3221,-1.3411,-1.3601,-1.3787,-1.3970,-1.4148,-1.4319,-1.4483,-1.4639,-1.4785,-1.4920,-1.5043,-1.5153,-1.5249,-1.5329,-1.5394,-1.5442,-1.5472,-1.5483,-1.5474,-1.5445,-1.5395,-1.5323,-1.5229,-1.5112,-1.4972,-1.4808,-1.4620,-1.4408,-1.4171},
{1.0807,1.1315,1.1768,1.2168,1.2517,1.2813,1.3056,1.3248,1.3390,1.3483,1.3528,1.3527,1.3481,1.3392,1.3261,1.3091,1.2884,1.2641,1.2365,1.2058,1.1723,1.1361,1.0976,1.0570,1.0145,0.9703,0.9249,0.8783,0.8310,0.7831,0.7350,0.6869,0.6391,0.5918,0.5454,0.5000,0.4561,0.4137,0.3732,0.3349,0.2990,0.2657,0.2352,0.2079,0.1839,0.1635,0.1468,0.1340,0.1254,0.1211,0.1212,0.1260,0.1355,0.1499,0.1693,0.1938,0.2235,0.2583,0.2984,0.3438,0.3944}
};
float winch_sc_pose27[2][61]=
{{-1.4171,-1.4941,-1.5630,-1.6236,-1.6761,-1.7205,-1.7567,-1.7850,-1.8053,-1.8180,-1.8230,-1.8208,-1.8115,-1.7953,-1.7726,-1.7436,-1.7087,-1.6683,-1.6226,-1.5721,-1.5172,-1.4582,-1.3956,-1.3297,-1.2610,-1.1899,-1.1169,-1.0422,-0.9665,-0.8900,-0.8132,-0.7365,-0.6604,-0.5852,-0.5114,-0.4394,-0.3695,-0.3022,-0.2379,-0.1769,-0.1198,-0.0673,-0.0192,0.0242,0.0624,0.0952,0.1223,0.1434,0.1583,0.1665,0.1680,0.1625,0.1498,0.1297,0.1020,0.0667,0.0235,-0.0275,-0.0865,-0.1535,-0.2285},
{0.3944,0.4844,0.5648,0.6357,0.6969,0.7485,0.7906,0.8231,0.8463,0.8603,0.8653,0.8616,0.8493,0.8289,0.8006,0.7648,0.7219,0.6722,0.6162,0.5544,0.4871,0.4149,0.3382,0.2575,0.1733,0.0862,-0.0035,-0.0952,-0.1884,-0.2825,-0.3771,-0.4716,-0.5656,-0.6585,-0.7498,-0.8390,-0.9256,-1.0091,-1.0891,-1.1650,-1.2357,-1.3002,-1.3597,-1.4135,-1.4613,-1.5026,-1.5370,-1.5642,-1.5837,-1.5952,-1.5984,-1.5930,-1.5788,-1.5555,-1.5230,-1.4811,-1.4297,-1.3687,-1.2980,-1.2177,-1.1278}
};
float winch_sc_pose28[2][61]=
{{-0.2285,-0.2148,-0.2026,-0.1920,-0.1829,-0.1754,-0.1694,-0.1651,-0.1623,-0.1612,-0.1615,-0.1634,-0.1668,-0.1716,-0.1778,-0.1854,-0.1942,-0.2042,-0.2154,-0.2277,-0.2410,-0.2552,-0.2704,-0.2863,-0.3031,-0.3205,-0.3385,-0.3571,-0.3762,-0.3955,-0.4150,-0.4346,-0.4541,-0.4733,-0.4920,-0.5101,-0.5273,-0.5436,-0.5588,-0.5729,-0.5858,-0.5975,-0.6080,-0.6173,-0.6253,-0.6321,-0.6378,-0.6422,-0.6539,-0.6611,-0.6545,-0.6467,-0.6380,-0.6285,-0.6183,-0.6073,-0.5954,-0.5827,-0.5687,-0.5535,-0.5366},
{-1.1278,-1.2489,-1.3572,-1.4527,-1.5354,-1.6054,-1.6626,-1.7074,-1.7398,-1.7601,-1.7687,-1.7658,-1.7518,-1.7271,-1.6922,-1.6476,-1.5937,-1.5311,-1.4604,-1.3821,-1.2969,-1.2053,-1.1080,-1.0055,-0.8986,-0.7878,-0.6738,-0.5572,-0.4383,-0.3182,-0.1976,-0.0771,0.0427,0.1615,0.2785,0.3929,0.5041,0.6113,0.7139,0.8113,0.9028,0.9877,1.0655,1.1356,1.1975,1.2506,1.2945,1.3287,1.3450,1.3517,1.3551,1.3472,1.3276,1.2961,1.2524,1.1964,1.1278,1.0465,0.9525,0.8457,0.7261}
};
float winch_sc_pose29[2][61]=
{{-0.5366,-0.4808,-0.4311,-0.3878,-0.3511,-0.3211,-0.2979,-0.2815,-0.2718,-0.2688,-0.2722,-0.2818,-0.2807,-0.2917,-0.3091,-0.3312,-0.3577,-0.3885,-0.4230,-0.4612,-0.5025,-0.5428,-0.5848,-0.6293,-0.6761,-0.7248,-0.7753,-0.8271,-0.8800,-0.9336,-0.9878,-1.0421,-1.0962,-1.1498,-1.2027,-1.2544,-1.3048,-1.3533,-1.3999,-1.4440,-1.4855,-1.5241,-1.5593,-1.5911,-1.6190,-1.6428,-1.6623,-1.6773,-1.6874,-1.6924,-1.6923,-1.6867,-1.6755,-1.6586,-1.6357,-1.6069,-1.5720,-1.5309,-1.4836,-1.4300,-1.3701},
{0.7261,0.7850,0.8376,0.8840,0.9243,0.9586,0.9867,1.0090,1.0252,1.0357,1.0402,1.0389,1.0418,1.0321,1.0162,0.9955,0.9703,0.9408,0.9072,0.8698,0.8288,0.7873,0.7439,0.6981,0.6502,0.6006,0.5494,0.4971,0.4439,0.3900,0.3360,0.2819,0.2282,0.1751,0.1230,0.0721,0.0227,-0.0248,-0.0702,-0.1133,-0.1536,-0.1910,-0.2252,-0.2559,-0.2828,-0.3058,-0.3246,-0.3390,-0.3487,-0.3536,-0.3535,-0.3481,-0.3374,-0.3212,-0.2994,-0.2718,-0.2384,-0.1991,-0.1539,-0.1026,-0.0454}
};
float winch_sc_pose30[2][61]=
{{-1.3701,-1.3893,-1.4064,-1.4216,-1.4349,-1.4462,-1.4557,-1.4634,-1.4692,-1.4734,-1.4759,-1.4768,-1.4762,-1.4742,-1.4707,-1.4660,-1.4600,-1.4529,-1.4447,-1.4356,-1.4256,-1.4148,-1.4033,-1.3912,-1.3786,-1.3656,-1.3523,-1.3387,-1.3250,-1.3113,-1.2977,-1.2842,-1.2710,-1.2581,-1.2456,-1.2335,-1.2221,-1.2113,-1.2013,-1.1920,-1.1836,-1.1761,-1.1697,-1.1642,-1.1599,-1.1568,-1.1549,-1.1516,-1.1477,-1.1455,-1.1451,-1.1466,-1.1500,-1.1555,-1.1631,-1.1706,-1.1787,-1.1895,-1.2027,-1.2181,-1.2356},
{-0.0454,-0.1362,-0.2173,-0.2888,-0.3507,-0.4030,-0.4459,-0.4794,-0.5039,-0.5194,-0.5262,-0.5245,-0.5147,-0.4969,-0.4716,-0.4391,-0.3996,-0.3537,-0.3017,-0.2441,-0.1811,-0.1134,-0.0413,0.0346,0.1140,0.1964,0.2812,0.3679,0.4561,0.5453,0.6349,0.7245,0.8136,0.9016,0.9880,1.0724,1.1543,1.2332,1.3086,1.3799,1.4469,1.5090,1.5657,1.6167,1.6616,1.6999,1.7312,1.7564,1.7749,1.7851,1.7869,1.7799,1.7639,1.7388,1.7043,1.6608,1.6086,1.5464,1.4744,1.3925,1.3009}
};
float winch_sc_pose31[2][61]=
{{-1.2356,-1.3170,-1.3899,-1.4541,-1.5098,-1.5570,-1.5959,-1.6265,-1.6490,-1.6636,-1.6705,-1.6699,-1.6584,-1.6401,-1.6147,-1.5826,-1.5441,-1.4996,-1.4495,-1.3942,-1.3340,-1.2694,-1.2008,-1.1286,-1.0534,-0.9755,-0.8954,-0.8136,-0.7305,-0.6466,-0.5625,-0.4785,-0.3952,-0.3130,-0.2324,-0.1538,-0.0776,-0.0044,0.0657,0.1321,0.1945,0.2526,0.3058,0.3540,0.3967,0.4335,0.4641,0.4883,0.5056,0.5158,0.5186,0.5137,0.5011,0.4804,0.4515,0.4143,0.3687,0.3146,0.2519,0.1808,0.1011},
{1.3009,1.4180,1.5227,1.6148,1.6944,1.7614,1.8160,1.8582,1.8882,1.9062,1.9126,1.9075,1.8933,1.8681,1.8329,1.7881,1.7342,1.6717,1.6012,1.5233,1.4385,1.3474,1.2506,1.1488,1.0426,0.9326,0.8195,0.7039,0.5864,0.4678,0.3486,0.2294,0.1110,-0.0061,-0.1214,-0.2341,-0.3436,-0.4494,-0.5508,-0.6472,-0.7379,-0.8224,-0.9001,-0.9703,-1.0326,-1.0863,-1.1309,-1.1661,-1.1913,-1.2061,-1.2102,-1.2031,-1.1846,-1.1544,-1.1123,-1.0581,-0.9916,-0.9128,-0.8216,-0.7179,-0.6019}
};
float winch_sc_pose32[2][61]=
{{0.1011,0.0762,0.0539,0.0342,0.0172,0.0028,-0.0090,-0.0182,-0.0250,-0.0292,-0.0311,-0.0306,-0.0279,-0.0229,-0.0159,-0.0069,0.0041,0.0169,0.0313,0.0474,0.0650,0.0839,0.1040,0.1253,0.1475,0.1706,0.1944,0.2188,0.2436,0.2687,0.2940,0.3193,0.3445,0.3693,0.3938,0.4178,0.4410,0.4634,0.4849,0.5053,0.5244,0.5422,0.5585,0.5732,0.5862,0.5973,0.6066,0.6138,0.6189,0.6217,0.6223,0.6205,0.6163,0.6096,0.6004,0.5886,0.5742,0.5571,0.5374,0.5151,0.4901},
{-0.6019,-0.5878,-0.5752,-0.5641,-0.5546,-0.5466,-0.5401,-0.5351,-0.5317,-0.5296,-0.5291,-0.5299,-0.5321,-0.5356,-0.5404,-0.5464,-0.5535,-0.5618,-0.5711,-0.5813,-0.5925,-0.6045,-0.6172,-0.6306,-0.6446,-0.6591,-0.6741,-0.6893,-0.7048,-0.7205,-0.7363,-0.7521,-0.7677,-0.7832,-0.7985,-0.8133,-0.8278,-0.8417,-0.8550,-0.8677,-0.8796,-0.8907,-0.9008,-0.9100,-0.9182,-0.9253,-0.9312,-0.9358,-0.9393,-0.9414,-0.9421,-0.9414,-0.9393,-0.9358,-0.9307,-0.9241,-0.9161,-0.9065,-0.8953,-0.8827,-0.8685}
};
float winch_sc_pose33[2][61]=
{{0.4901,0.5726,0.6464,0.7113,0.7674,0.8147,0.8532,0.8831,0.9045,0.9175,0.9223,0.9191,0.9082,0.8899,0.8644,0.8321,0.7933,0.7485,0.6980,0.6422,0.5815,0.5165,0.4475,0.3750,0.2996,0.2217,0.1417,0.0602,-0.0225,-0.1060,-0.1898,-0.2737,-0.3572,-0.4399,-0.5215,-0.6015,-0.6794,-0.7549,-0.8273,-0.8963,-0.9613,-1.0219,-1.0777,-1.1282,-1.1730,-1.2117,-1.2440,-1.2695,-1.2879,-1.2988,-1.3021,-1.2975,-1.2846,-1.2635,-1.2338,-1.1955,-1.1484,-1.0926,-1.0279,-0.9544,-0.8721},
{-0.8685,-0.9713,-1.0633,-1.1443,-1.2142,-1.2733,-1.3215,-1.3589,-1.3857,-1.4021,-1.4083,-1.4047,-1.3914,-1.3689,-1.3374,-1.2975,-1.2495,-1.1938,-1.1309,-1.0613,-0.9855,-0.9039,-0.8172,-0.7257,-0.6301,-0.5310,-0.4289,-0.3245,-0.2184,-0.1112,-0.0036,0.1037,0.2102,0.3152,0.4182,0.5186,0.6159,0.7096,0.7992,0.8841,0.9639,1.0381,1.1062,1.1677,1.2221,1.2690,1.3079,1.3385,1.3603,1.3729,1.3761,1.3696,1.3529,1.3260,1.2886,1.2405,1.1816,1.1118,1.0311,0.9394,0.8367}
};
float winch_sc_pose34[2][61]=
{{-0.8721,-0.8497,-0.8296,-0.8119,-0.7966,-0.7837,-0.7731,-0.7649,-0.7590,-0.7553,-0.7539,-0.7545,-0.7573,-0.7621,-0.7688,-0.7774,-0.7877,-0.7997,-0.8132,-0.8282,-0.8446,-0.8622,-0.8809,-0.9006,-0.9212,-0.9425,-0.9645,-0.9851,-1.0059,-1.0269,-1.0480,-1.0691,-1.0901,-1.1109,-1.1314,-1.1514,-1.1707,-1.1894,-1.2073,-1.2242,-1.2401,-1.2548,-1.2682,-1.2803,-1.2910,-1.3000,-1.3074,-1.3131,-1.3169,-1.3189,-1.3188,-1.3167,-1.3125,-1.3061,-1.2975,-1.2867,-1.2735,-1.2580,-1.2401,-1.2198,-1.1971},
{0.8367,0.8404,0.8437,0.8466,0.8491,0.8513,0.8532,0.8546,0.8558,0.8566,0.8571,0.8573,0.8572,0.8568,0.8561,0.8552,0.8540,0.8526,0.8509,0.8491,0.8470,0.8448,0.8424,0.8399,0.8373,0.8345,0.8316,0.8297,0.8278,0.8260,0.8241,0.8222,0.8204,0.8186,0.8168,0.8151,0.8134,0.8118,0.8104,0.8090,0.8077,0.8066,0.8056,0.8047,0.8040,0.8035,0.8032,0.8031,0.8031,0.8034,0.8040,0.8047,0.8057,0.8070,0.8086,0.8105,0.8127,0.8152,0.8180,0.8212,0.8247}
};
float winch_sc_pose35[2][61]=
{{-1.1971,-1.1989,-1.2005,-1.2018,-1.2029,-1.2036,-1.2041,-1.2044,-1.2043,-1.2038,-1.2031,-1.2021,-1.2007,-1.1991,-1.1971,-1.1949,-1.1924,-1.1896,-1.1865,-1.1833,-1.1798,-1.1760,-1.1722,-1.1681,-1.1639,-1.1596,-1.1551,-1.1506,-1.1460,-1.1414,-1.1368,-1.1322,-1.1276,-1.1231,-1.1186,-1.1142,-1.1100,-1.1058,-1.1019,-1.0981,-1.0945,-1.0911,-1.0880,-1.0851,-1.0824,-1.0800,-1.0779,-1.0761,-1.0746,-1.0734,-1.0725,-1.0719,-1.0717,-1.0717,-1.0721,-1.0728,-1.0737,-1.0750,-1.0765,-1.0783,-1.0803},
{0.8247,0.8597,0.8909,0.9184,0.9422,0.9623,0.9788,0.9918,1.0012,1.0072,1.0099,1.0093,1.0056,0.9989,0.9892,0.9768,0.9618,0.9442,0.9243,0.9022,0.8781,0.8521,0.8244,0.7952,0.7647,0.7330,0.7004,0.6670,0.6329,0.5985,0.5639,0.5293,0.4949,0.4608,0.4274,0.3947,0.3630,0.3324,0.3032,0.2754,0.2494,0.2253,0.2032,0.1833,0.1658,0.1507,0.1384,0.1289,0.1223,0.1187,0.1184,0.1213,0.1275,0.1372,0.1505,0.1673,0.1877,0.2118,0.2395,0.2709,0.3060}
};
float winch_sc_pose36[2][61]=
{{-1.0803,-1.1233,-1.1618,-1.1957,-1.2250,-1.2497,-1.2698,-1.2854,-1.2965,-1.3032,-1.3056,-1.3038,-1.2979,-1.2881,-1.2745,-1.2573,-1.2367,-1.2128,-1.1859,-1.1563,-1.1240,-1.0893,-1.0526,-1.0139,-0.9735,-0.9318,-0.8888,-0.8450,-0.8004,-0.7555,-0.7103,-0.6652,-0.6205,-0.5762,-0.5328,-0.4904,-0.4493,-0.4097,-0.3718,-0.3361,-0.3030,-0.2722,-0.2440,-0.2185,-0.1961,-0.1767,-0.1607,-0.1481,-0.1392,-0.1341,-0.1329,-0.1357,-0.1427,-0.1539,-0.1695,-0.1895,-0.2140,-0.2431,-0.2767,-0.3149,-0.3578},
{0.3060,0.3997,0.4837,0.5577,0.6219,0.6762,0.7206,0.7553,0.7804,0.7961,0.8025,0.8000,0.7888,0.7692,0.7414,0.7060,0.6632,0.6135,0.5572,0.4949,0.4269,0.3537,0.2759,0.1938,0.1080,0.0191,-0.0725,-0.1663,-0.2617,-0.3582,-0.4552,-0.5522,-0.6488,-0.7443,-0.8382,-0.9300,-1.0191,-1.1051,-1.1875,-1.2647,-1.3366,-1.4035,-1.4650,-1.5205,-1.5698,-1.6123,-1.6476,-1.6754,-1.6952,-1.7067,-1.7097,-1.7038,-1.6887,-1.6642,-1.6302,-1.5864,-1.5328,-1.4691,-1.3954,-1.3115,-1.2176}
};
float winch_sc_pose37[2][61]=
{{-0.3578,-0.3036,-0.2553,-0.2127,-0.1759,-0.1448,-0.1195,-0.0998,-0.0857,-0.0770,-0.0737,-0.0755,-0.0824,-0.0941,-0.1104,-0.1313,-0.1564,-0.1855,-0.2185,-0.2554,-0.2959,-0.3395,-0.3859,-0.4347,-0.4858,-0.5389,-0.5936,-0.6496,-0.7067,-0.7645,-0.8228,-0.8811,-0.9393,-0.9970,-1.0538,-1.1095,-1.1637,-1.2161,-1.2665,-1.3144,-1.3597,-1.4019,-1.4408,-1.4762,-1.5077,-1.5351,-1.5581,-1.5765,-1.5901,-1.5986,-1.6019,-1.5999,-1.5923,-1.5790,-1.5601,-1.5353,-1.5047,-1.4682,-1.4258,-1.3776,-1.3236},
{-1.2176,-1.3473,-1.4632,-1.5652,-1.6534,-1.7279,-1.7887,-1.8361,-1.8702,-1.8913,-1.8998,-1.8961,-1.8805,-1.8534,-1.8154,-1.7671,-1.7088,-1.6414,-1.5652,-1.4798,-1.3860,-1.2851,-1.1779,-1.0651,-0.9473,-0.8253,-0.6998,-0.5715,-0.4411,-0.3093,-0.1768,-0.0445,0.0871,0.2172,0.3450,0.4699,0.5911,0.7080,0.8198,0.9260,1.0257,1.1184,1.2034,1.2802,1.3481,1.4064,1.4548,1.4927,1.5195,1.5349,1.5383,1.5295,1.5080,1.4737,1.4261,1.3652,1.2907,1.2026,1.1007,0.9851,0.8559}
};
float winch_sc_pose38[2][61]=
{{-1.3236,-1.3491,-1.3720,-1.3921,-1.4097,-1.4246,-1.4369,-1.4468,-1.4543,-1.4593,-1.4621,-1.4626,-1.4609,-1.4572,-1.4516,-1.4440,-1.4347,-1.4237,-1.4111,-1.3971,-1.3818,-1.3652,-1.3475,-1.3288,-1.3093,-1.2890,-1.2682,-1.2469,-1.2252,-1.2033,-1.1813,-1.1594,-1.1374,-1.1115,-1.0861,-1.0612,-1.0369,-1.0134,-0.9909,-0.9695,-0.9472,-0.9194,-0.8936,-0.8698,-0.8483,-0.8293,-0.8127,-0.7989,-0.7878,-0.7795,-0.7742,-0.7719,-0.7726,-0.7763,-0.7831,-0.7929,-0.8058,-0.8215,-0.8402,-0.8616,-0.8856},
{0.8559,0.8322,0.8109,0.7922,0.7759,0.7621,0.7506,0.7415,0.7347,0.7301,0.7277,0.7273,0.7291,0.7327,0.7382,0.7456,0.7546,0.7651,0.7772,0.7907,0.8055,0.8214,0.8384,0.8564,0.8752,0.8947,0.9148,0.9355,0.9564,0.9776,0.9989,1.0203,1.0415,1.0645,1.0870,1.1090,1.1302,1.1507,1.1702,1.1887,1.2061,1.2253,1.2427,1.2582,1.2719,1.2836,1.2932,1.3007,1.3060,1.3091,1.3098,1.3083,1.3043,1.2979,1.2891,1.2777,1.2639,1.2475,1.2286,1.2071,1.1831}
};
float winch_sc_pose39[2][61]=
{{-0.8856,-1.0034,-1.1085,-1.2008,-1.2802,-1.3465,-1.3998,-1.4400,-1.4674,-1.4821,-1.4842,-1.4742,-1.4523,-1.4190,-1.3748,-1.3202,-1.2559,-1.1827,-1.1013,-1.0128,-0.9182,-0.8187,-0.7154,-0.6095,-0.5021,-0.3942,-0.2864,-0.1790,-0.0722,0.0342,0.1403,0.2463,0.3521,0.4577,0.5626,0.6665,0.7688,0.8686,0.9653,1.0581,1.1462,1.2288,1.3052,1.3746,1.4364,1.4900,1.5346,1.5698,1.5951,1.6098,1.6137,1.6062,1.5871,1.5561,1.5129,1.4572,1.3890,1.3080,1.2144,1.1080,0.9889},
{1.1831,1.2452,1.3006,1.3495,1.3916,1.4271,1.4559,1.4782,1.4938,1.5030,1.5058,1.5023,1.4925,1.4766,1.4545,1.4264,1.3922,1.3520,1.3057,1.2534,1.1950,1.1307,1.0607,0.9853,0.9052,0.8212,0.7344,0.6461,0.5574,0.4697,0.3838,0.3005,0.2205,0.1439,0.0709,0.0017,-0.0639,-0.1257,-0.1838,-0.2382,-0.2886,-0.3350,-0.3773,-0.4152,-0.4487,-0.4774,-0.5011,-0.5198,-0.5331,-0.5408,-0.5429,-0.5390,-0.5291,-0.5130,-0.4906,-0.4618,-0.4265,-0.3847,-0.3362,-0.2812,-0.2196}
};
float winch_sc_pose40[2][61]=
{{0.9889,0.9847,0.9810,0.9777,0.9750,0.9728,0.9712,0.9701,0.9696,0.9696,0.9702,0.9714,0.9730,0.9753,0.9780,0.9813,0.9851,0.9893,0.9940,0.9992,1.0047,1.0106,1.0168,1.0234,1.0302,1.0373,1.0446,1.0521,1.0597,1.0674,1.0751,1.0829,1.0907,1.0984,1.1060,1.1134,1.1207,1.1277,1.1345,1.1410,1.1472,1.1530,1.1584,1.1634,1.1680,1.1720,1.1756,1.1787,1.1812,1.1832,1.1846,1.1855,1.1858,1.1855,1.1847,1.1833,1.1813,1.1789,1.1759,1.1724,1.1685},
{-0.2196,-0.2356,-0.2499,-0.2626,-0.2737,-0.2832,-0.2912,-0.2976,-0.3025,-0.3059,-0.3080,-0.3086,-0.3080,-0.3061,-0.3029,-0.2986,-0.2933,-0.2869,-0.2795,-0.2712,-0.2621,-0.2522,-0.2416,-0.2304,-0.2186,-0.2064,-0.1937,-0.1808,-0.1675,-0.1541,-0.1406,-0.1271,-0.1137,-0.1003,-0.0872,-0.0744,-0.0620,-0.0500,-0.0386,-0.0277,-0.0176,-0.0082,0.0004,0.0081,0.0148,0.0205,0.0252,0.0286,0.0308,0.0318,0.0314,0.0297,0.0265,0.0219,0.0158,0.0081,-0.0011,-0.0120,-0.0245,-0.0386,-0.0544}
};
float winch_sc_pose41[2][61]=
{{1.1685,1.1795,1.1891,1.1973,1.2038,1.2086,1.2115,1.2126,1.2117,1.2089,1.2041,1.1974,1.1889,1.1785,1.1664,1.1527,1.1375,1.1210,1.1034,1.0848,1.0655,1.0456,1.0253,1.0049,0.9845,0.9642,0.9444,0.9249,0.9061,0.8880,0.8705,0.8539,0.8380,0.8230,0.8088,0.7955,0.7830,0.7713,0.7604,0.7504,0.7413,0.7330,0.7295,0.7253,0.7219,0.7194,0.7176,0.7168,0.7169,0.7180,0.7202,0.7234,0.7278,0.7333,0.7400,0.7481,0.7574,0.7681,0.7803,0.7939,0.8089},
{-0.0544,0.0349,0.1147,0.1852,0.2464,0.2985,0.3418,0.3763,0.4023,0.4201,0.4300,0.4321,0.4269,0.4146,0.3956,0.3703,0.3390,0.3021,0.2599,0.2129,0.1614,0.1059,0.0466,-0.0160,-0.0816,-0.1497,-0.2201,-0.2924,-0.3662,-0.4411,-0.5166,-0.5926,-0.6684,-0.7437,-0.8181,-0.8910,-0.9622,-1.0310,-1.0971,-1.1599,-1.2190,-1.2740,-1.3265,-1.3780,-1.4235,-1.4625,-1.4948,-1.5199,-1.5375,-1.5472,-1.5488,-1.5419,-1.5263,-1.5019,-1.4683,-1.4256,-1.3735,-1.3120,-1.2411,-1.1608,-1.0711}
};
float winch_sc_pose42[2][61]=
{{0.8089,0.9182,1.0159,1.1019,1.1762,1.2389,1.2900,1.3295,1.3576,1.3746,1.3807,1.3762,1.3614,1.3367,1.3024,1.2591,1.2072,1.1472,1.0797,1.0051,0.9242,0.8374,0.7454,0.6489,0.5486,0.4452,0.3395,0.2320,0.1235,0.0144,-0.0947,-0.2037,-0.3121,-0.4196,-0.5274,-0.6388,-0.7470,-0.8515,-0.9451,-1.0261,-1.1015,-1.1715,-1.2359,-1.2944,-1.3466,-1.3918,-1.4296,-1.4592,-1.4801,-1.4918,-1.4938,-1.4858,-1.4673,-1.4380,-1.3976,-1.3459,-1.2828,-1.2081,-1.1217,-1.0236,-0.9137},
{-1.0711,-1.2042,-1.3233,-1.4283,-1.5190,-1.5956,-1.6581,-1.7067,-1.7416,-1.7630,-1.7712,-1.7666,-1.7497,-1.7208,-1.6804,-1.6292,-1.5675,-1.4961,-1.4156,-1.3264,-1.2294,-1.1251,-1.0142,-0.8972,-0.7749,-0.6478,-0.5167,-0.3821,-0.2449,-0.1060,0.0338,0.1735,0.3122,0.4488,0.5811,0.7048,0.8249,0.9408,1.0559,1.1703,1.2784,1.3792,1.4719,1.5556,1.6296,1.6935,1.7466,1.7885,1.8188,1.8369,1.8426,1.8353,1.8149,1.7811,1.7335,1.6719,1.5963,1.5064,1.4023,1.2839,1.1512}
};
float winch_sc_pose43[2][61]=
{{-0.9137,-0.9905,-1.0591,-1.1196,-1.1721,-1.2166,-1.2533,-1.2824,-1.3040,-1.3183,-1.3256,-1.3261,-1.3201,-1.3079,-1.2898,-1.2662,-1.2373,-1.2034,-1.1648,-1.1216,-1.0708,-1.0037,-0.9399,-0.8729,-0.8030,-0.7306,-0.6562,-0.5803,-0.5033,-0.4256,-0.3476,-0.2698,-0.1925,-0.1161,-0.0410,0.0326,0.1042,0.1734,0.2398,0.3031,0.3628,0.4186,0.4699,0.5164,0.5577,0.5934,0.6232,0.6468,0.6638,0.6739,0.6770,0.6727,0.6609,0.6415,0.6142,0.5789,0.5357,0.4844,0.4250,0.3577,0.2824},
{1.1512,1.2663,1.3690,1.4593,1.5372,1.6028,1.6561,1.6974,1.7268,1.7446,1.7509,1.7461,1.7305,1.7045,1.6684,1.6227,1.5678,1.5042,1.4325,1.3533,1.2691,1.1861,1.0914,0.9916,0.8874,0.7793,0.6680,0.5540,0.4380,0.3206,0.2024,0.0840,-0.0340,-0.1508,-0.2659,-0.3785,-0.4880,-0.5936,-0.6949,-0.7910,-0.8814,-0.9655,-1.0427,-1.1124,-1.1741,-1.2273,-1.2715,-1.3062,-1.3309,-1.3453,-1.3489,-1.3415,-1.3227,-1.2923,-1.2500,-1.1957,-1.1293,-1.0506,-0.9597,-0.8566,-0.7414}
};
float winch_sc_pose44[2][61]=
{{0.2824,0.3980,0.5013,0.5925,0.6713,0.7380,0.7926,0.8352,0.8661,0.8854,0.8936,0.8908,0.8775,0.8540,0.8208,0.7783,0.7270,0.6675,0.6002,0.5257,0.4445,0.3572,0.2642,0.1660,0.0632,-0.0438,-0.1545,-0.2677,-0.3827,-0.4991,-0.6164,-0.7338,-0.8507,-0.9665,-1.0806,-1.1923,-1.3010,-1.4061,-1.5068,-1.6026,-1.6929,-1.7770,-1.8543,-1.9243,-1.9862,-2.0397,-2.0841,-2.1190,-2.1438,-2.1582,-2.1616,-2.1538,-2.1344,-2.1031,-2.0596,-2.0038,-1.9354,-1.8544,-1.7607,-1.6542,-1.5350},
{-0.7414,-0.8384,-0.9252,-1.0015,-1.0674,-1.1229,-1.1680,-1.2029,-1.2276,-1.2425,-1.2475,-1.2431,-1.2295,-1.2070,-1.1759,-1.1367,-1.0898,-1.0356,-0.9747,-0.9074,-0.8345,-0.7565,-0.6740,-0.5876,-0.4979,-0.4054,-0.3106,-0.2122,-0.1111,-0.0087,0.0944,0.1977,0.3007,0.4028,0.5035,0.6021,0.6982,0.7912,0.8805,0.9656,1.0459,1.1209,1.1900,1.2527,1.3086,1.3571,1.3978,1.4302,1.4539,1.4686,1.4739,1.4694,1.4550,1.4304,1.3953,1.3498,1.2935,1.2266,1.1489,1.0606,0.9616}
};
float winch_sc_pose45[2][61]=
{{-1.5350,-1.6301,-1.7151,-1.7899,-1.8547,-1.9094,-1.9541,-1.9889,-2.0138,-2.0292,-2.0353,-2.0322,-2.0203,-2.0000,-1.9715,-1.9353,-1.8918,-1.8415,-1.7847,-1.7220,-1.6538,-1.5806,-1.5030,-1.4214,-1.3363,-1.2484,-1.1580,-1.0658,-0.9722,-0.8777,-0.7829,-0.6883,-0.5943,-0.5016,-0.4106,-0.3217,-0.2356,-0.1526,-0.0732,0.0020,0.0727,0.1381,0.1978,0.2516,0.2989,0.3396,0.3733,0.3995,0.4180,0.4285,0.4306,0.4240,0.4086,0.3841,0.3503,0.3071,0.2542,0.1916,0.1193,0.0371,-0.0549},
{0.9616,1.0655,1.1583,1.2401,1.3108,1.3704,1.4188,1.4563,1.4830,1.4990,1.5046,1.5000,1.4856,1.4618,1.4289,1.3874,1.3377,1.2802,1.2155,1.1442,1.0667,0.9836,0.8954,0.8027,0.7062,0.6063,0.5037,0.3989,0.2925,0.1851,0.0773,-0.0303,-0.1372,-0.2428,-0.3465,-0.4477,-0.5460,-0.6406,-0.7312,-0.8172,-0.8980,-0.9723,-1.0400,-1.1013,-1.1558,-1.2029,-1.2421,-1.2732,-1.2955,-1.3087,-1.3125,-1.3066,-1.2906,-1.2642,-1.2274,-1.1799,-1.1216,-1.0523,-0.9721,-0.8808,-0.7786}
};
float winch_sc_pose46[2][61]=
{{-0.0549,0.0143,0.0762,0.1306,0.1777,0.2175,0.2502,0.2758,0.2944,0.3063,0.3116,0.3105,0.3031,0.2898,0.2708,0.2462,0.2165,0.1818,0.1425,0.0989,0.0512,-0.0002,-0.0549,-0.1128,-0.1736,-0.2369,-0.3022,-0.3691,-0.4373,-0.5062,-0.5756,-0.6451,-0.7142,-0.7827,-0.8500,-0.9159,-0.9799,-1.0417,-1.1009,-1.1571,-1.2099,-1.2590,-1.3041,-1.3447,-1.3806,-1.4114,-1.4368,-1.4566,-1.4704,-1.4781,-1.4793,-1.4738,-1.4615,-1.4422,-1.4158,-1.3821,-1.3410,-1.2926,-1.2367,-1.1734,-1.1028},
{-0.7786,-0.8313,-0.8783,-0.9195,-0.9551,-0.9850,-1.0093,-1.0281,-1.0413,-1.0492,-1.0519,-1.0495,-1.0421,-1.0300,-1.0133,-0.9923,-0.9671,-0.9381,-0.9054,-0.8694,-0.8303,-0.7884,-0.7440,-0.6973,-0.6482,-0.5963,-0.5427,-0.4878,-0.4320,-0.3754,-0.3184,-0.2613,-0.2044,-0.1481,-0.0926,-0.0382,0.0147,0.0658,0.1148,0.1615,0.2055,0.2465,0.2843,0.3186,0.3490,0.3754,0.3975,0.4150,0.4279,0.4357,0.4385,0.4359,0.4280,0.4145,0.3954,0.3707,0.3402,0.3039,0.2620,0.2144,0.1611}
};
float winch_sc_pose47[2][61]=
{{-1.1028,-1.1652,-1.2212,-1.2708,-1.3140,-1.3508,-1.3815,-1.4060,-1.4245,-1.4372,-1.4442,-1.4456,-1.4418,-1.4329,-1.4191,-1.4007,-1.3779,-1.3511,-1.3204,-1.2863,-1.2489,-1.2085,-1.1656,-1.1204,-1.0732,-1.0244,-0.9742,-0.9231,-0.8680,-0.8074,-0.7459,-0.6837,-0.6255,-0.5455,-0.4543,-0.3624,-0.2714,-0.1827,-0.0974,-0.0166,0.0591,0.1290,0.1929,0.2505,0.3014,0.3457,0.3833,0.4140,0.4379,0.4549,0.4649,0.4680,0.4641,0.4532,0.4354,0.4106,0.3789,0.3404,0.2951,0.2432,0.1849},
{0.1611,0.0884,0.0232,-0.0345,-0.0848,-0.1276,-0.1630,-0.1913,-0.2124,-0.2266,-0.2341,-0.2350,-0.2295,-0.2180,-0.2006,-0.1776,-0.1492,-0.1159,-0.0778,-0.0353,0.0113,0.0617,0.1155,0.1723,0.2319,0.2939,0.3578,0.4234,0.4923,0.5648,0.6374,0.7096,0.7773,0.8466,0.9162,0.9809,1.0408,1.0961,1.1470,1.1938,1.2366,1.2754,1.3103,1.3411,1.3676,1.3896,1.4070,1.4193,1.4265,1.4282,1.4241,1.4141,1.3977,1.3749,1.3453,1.3087,1.2651,1.2141,1.1556,1.0894,1.0155}
};
float winch_sc_pose48[2][61]=
{{0.1849,0.1338,0.0880,0.0474,0.0118,-0.0189,-0.0450,-0.0666,-0.0839,-0.0973,-0.1072,-0.1138,-0.1176,-0.1192,-0.1189,-0.1175,-0.1153,-0.1130,-0.1109,-0.1091,-0.1077,-0.1060,-0.1034,-0.0986,-0.0903,-0.0772,-0.0585,-0.0334,-0.0021,0.0350,0.0771,0.1230,0.1718,0.2224,0.2738,0.3260,0.3880,0.4400,0.4848,0.5278,0.5688,0.6072,0.6427,0.6752,0.7042,0.7295,0.7508,0.7680,0.7808,0.7891,0.7926,0.7912,0.7849,0.7734,0.7568,0.7349,0.7078,0.6755,0.6379,0.5952,0.5474},
{1.0155,1.1410,1.2530,1.3513,1.4359,1.5070,1.5644,1.6085,1.6393,1.6571,1.6621,1.6547,1.6352,1.6041,1.5617,1.5088,1.4459,1.3739,1.2935,1.2057,1.1117,1.0126,0.9094,0.8033,0.6951,0.5855,0.4748,0.3632,0.2509,0.1380,0.0245,-0.0892,-0.2029,-0.3159,-0.4278,-0.5376,-0.6394,-0.7457,-0.8534,-0.9558,-1.0522,-1.1419,-1.2243,-1.2988,-1.3647,-1.4215,-1.4685,-1.5053,-1.5314,-1.5461,-1.5492,-1.5402,-1.5188,-1.4847,-1.4375,-1.3772,-1.3035,-1.2165,-1.1159,-1.0019,-0.8745}
};
float winch_sc_pose49[2][61]=
{{0.5474,0.5771,0.6036,0.6271,0.6475,0.6648,0.6791,0.6905,0.6989,0.7046,0.7075,0.7077,0.7054,0.7006,0.6934,0.6840,0.6724,0.6588,0.6433,0.6260,0.6071,0.5867,0.5649,0.5420,0.5179,0.4929,0.4672,0.4409,0.4141,0.3869,0.3597,0.3324,0.3054,0.2786,0.2523,0.2266,0.2018,0.1778,0.1549,0.1332,0.1129,0.0941,0.0769,0.0615,0.0480,0.0365,0.0272,0.0201,0.0153,0.0130,0.0132,0.0161,0.0218,0.0302,0.0414,0.0556,0.0728,0.0930,0.1162,0.1425,0.1719},
{-0.8745,-0.8471,-0.8226,-0.8010,-0.7822,-0.7663,-0.7532,-0.7428,-0.7351,-0.7300,-0.7275,-0.7274,-0.7298,-0.7345,-0.7414,-0.7504,-0.7615,-0.7744,-0.7891,-0.8055,-0.8234,-0.8427,-0.8633,-0.8850,-0.9078,-0.9314,-0.9557,-0.9807,-1.0060,-1.0317,-1.0575,-1.0833,-1.1090,-1.1344,-1.1594,-1.1837,-1.2074,-1.2302,-1.2520,-1.2727,-1.2921,-1.3100,-1.3265,-1.3413,-1.3543,-1.3654,-1.3745,-1.3814,-1.3862,-1.3886,-1.3886,-1.3862,-1.3812,-1.3735,-1.3631,-1.3501,-1.3342,-1.3155,-1.2939,-1.2695,-1.2422}
};
float winch_sc_pose1[2][61]=
{{-0.3187,-0.3862,-0.4466,-0.4996,-0.5455,-0.5842,-0.6159,-0.6406,-0.6584,-0.6697,-0.6744,-0.6727,-0.6650,-0.6514,-0.6321,-0.6074,-0.5775,-0.5428,-0.5034,-0.4598,-0.4121,-0.3607,-0.3059,-0.2480,-0.1874,-0.1243,-0.0592,0.0076,0.0757,0.1448,0.2145,0.2844,0.3540,0.4230,0.4909,0.5575,0.6222,0.6847,0.7445,0.8014,0.8549,0.9047,0.9504,0.9917,1.0283,1.0597,1.0858,1.1063,1.1209,1.1293,1.1313,1.1267,1.1154,1.0972,1.0720,1.0397,1.0002,0.9534,0.8994,0.8383,0.7699},
{0.0410,0.0927,0.1387,0.1791,0.2140,0.2433,0.2671,0.2855,0.2985,0.3063,0.3089,0.3064,0.2991,0.2870,0.2703,0.2492,0.2238,0.1945,0.1613,0.1246,0.0846,0.0415,-0.0044,-0.0527,-0.1032,-0.1555,-0.2094,-0.2644,-0.3203,-0.3768,-0.4334,-0.4900,-0.5462,-0.6017,-0.6561,-0.7092,-0.7608,-0.8104,-0.8579,-0.9029,-0.9452,-0.9845,-1.0205,-1.0531,-1.0819,-1.1068,-1.1274,-1.1437,-1.1553,-1.1622,-1.1642,-1.1610,-1.1526,-1.1389,-1.1198,-1.0951,-1.0650,-1.0292,-0.9879,-0.9411,-0.8888}
};
float winch_sc_pose2[2][61]=
{{0.7699,0.8172,0.8596,0.8969,0.9293,0.9568,0.9794,0.9972,1.0103,1.0188,1.0229,1.0226,1.0181,1.0095,0.9970,0.9808,0.9611,0.9380,0.9118,0.8826,0.8508,0.8165,0.7799,0.7413,0.7009,0.6590,0.6159,0.5717,0.5268,0.4813,0.4357,0.3900,0.3446,0.2998,0.2558,0.2128,0.1711,0.1310,0.0926,0.0563,0.0222,-0.0094,-0.0382,-0.0642,-0.0870,-0.1065,-0.1225,-0.1348,-0.1432,-0.1476,-0.1479,-0.1438,-0.1352,-0.1221,-0.1043,-0.0818,-0.0545,-0.0222,0.0149,0.0571,0.1041},
{-0.8888,-0.8708,-0.8548,-0.8406,-0.8283,-0.8178,-0.8091,-0.8022,-0.7970,-0.7935,-0.7917,-0.7914,-0.7927,-0.7954,-0.7995,-0.8050,-0.8117,-0.8196,-0.8286,-0.8387,-0.8496,-0.8614,-0.8740,-0.8872,-0.9010,-0.9153,-0.9300,-0.9450,-0.9602,-0.9756,-0.9910,-1.0063,-1.0216,-1.0366,-1.0513,-1.0656,-1.0795,-1.0928,-1.1055,-1.1175,-1.1288,-1.1391,-1.1486,-1.1570,-1.1643,-1.1705,-1.1755,-1.1791,-1.1814,-1.1824,-1.1818,-1.1797,-1.1760,-1.1707,-1.1637,-1.1550,-1.1446,-1.1324,-1.1183,-1.1024,-1.0847}
};
float winch_sc_pose3[2][61]=
{{0.1041,0.1294,0.1520,0.1719,0.1891,0.2038,0.2158,0.2253,0.2323,0.2369,0.2392,0.2391,0.2369,0.2325,0.2261,0.2177,0.2075,0.1955,0.1819,0.1668,0.1502,0.1324,0.1133,0.0933,0.0722,0.0504,0.0280,0.0050,-0.0184,-0.0421,-0.0659,-0.0897,-0.1134,-0.1368,-0.1598,-0.1822,-0.2040,-0.2249,-0.2449,-0.2639,-0.2817,-0.2981,-0.3132,-0.3267,-0.3385,-0.3486,-0.3568,-0.3630,-0.3672,-0.3692,-0.3690,-0.3665,-0.3616,-0.3543,-0.3445,-0.3321,-0.3172,-0.2996,-0.2794,-0.2566,-0.2312},
{-1.0847,-1.0768,-1.0697,-1.0634,-1.0579,-1.0532,-1.0493,-1.0462,-1.0437,-1.0420,-1.0409,-1.0405,-1.0408,-1.0416,-1.0430,-1.0450,-1.0475,-1.0505,-1.0539,-1.0578,-1.0621,-1.0667,-1.0717,-1.0770,-1.0825,-1.0882,-1.0942,-1.1003,-1.1065,-1.1128,-1.1191,-1.1255,-1.1318,-1.1381,-1.1442,-1.1502,-1.1560,-1.1616,-1.1670,-1.1720,-1.1767,-1.1811,-1.1850,-1.1886,-1.1916,-1.1942,-1.1962,-1.1977,-1.1986,-1.1988,-1.1985,-1.1974,-1.1957,-1.1932,-1.1900,-1.1861,-1.1813,-1.1758,-1.1695,-1.1624,-1.1545}
};
float winch_sc_pose4[2][61]=
{{-0.2312,-0.2217,-0.2134,-0.2062,-0.2001,-0.1951,-0.1914,-0.1888,-0.1875,-0.1873,-0.1884,-0.1906,-0.1939,-0.1984,-0.2040,-0.2106,-0.2182,-0.2268,-0.2363,-0.2467,-0.2580,-0.2700,-0.2828,-0.2963,-0.3105,-0.3253,-0.3407,-0.3566,-0.3728,-0.3892,-0.4055,-0.4217,-0.4373,-0.4521,-0.4660,-0.4788,-0.4904,-0.5008,-0.5100,-0.5181,-0.5320,-0.5455,-0.5323,-0.5151,-0.4956,-0.4753,-0.4553,-0.4363,-0.4187,-0.4026,-0.3879,-0.3745,-0.3623,-0.3509,-0.3402,-0.3298,-0.3196,-0.3093,-0.2986,-0.2872,-0.2748},
{-1.1545,-1.2954,-1.4214,-1.5323,-1.6283,-1.7093,-1.7757,-1.8274,-1.8649,-1.8883,-1.8981,-1.8947,-1.8784,-1.8498,-1.8093,-1.7576,-1.6953,-1.6229,-1.5411,-1.4506,-1.3521,-1.2463,-1.1338,-1.0154,-0.8919,-0.7638,-0.6320,-0.4971,-0.3598,-0.2209,-0.0811,0.0589,0.1982,0.3361,0.4717,0.6041,0.7326,0.8563,0.9745,1.0863,1.1851,1.2691,1.3583,1.4388,1.5097,1.5704,1.6204,1.6591,1.6860,1.7006,1.7025,1.6913,1.6666,1.6281,1.5755,1.5085,1.4270,1.3308,1.2197,1.0938,0.9531}
};
float winch_sc_pose5[2][61]=
{{-0.2748,-0.3663,-0.4483,-0.5207,-0.5837,-0.6374,-0.6819,-0.7175,-0.7445,-0.7631,-0.7738,-0.7771,-0.7734,-0.7634,-0.7476,-0.7266,-0.7011,-0.6715,-0.6381,-0.6009,-0.5597,-0.5142,-0.4638,-0.4080,-0.3464,-0.2788,-0.2056,-0.1271,-0.0442,0.0423,0.1314,0.2223,0.3139,0.4055,0.4963,0.5855,0.6725,0.7567,0.8375,0.9143,0.9866,1.0539,1.1158,1.1719,1.2215,1.2645,1.3003,1.3286,1.3490,1.3614,1.3652,1.3604,1.3466,1.3237,1.2915,1.2498,1.1986,1.1377,1.0672,0.9871,0.8974},
{0.9531,1.0622,1.1597,1.2453,1.3190,1.3808,1.4307,1.4686,1.4947,1.5092,1.5122,1.5038,1.4845,1.4545,1.4142,1.3640,1.3046,1.2366,1.1609,1.0784,0.9901,0.8971,0.8005,0.7010,0.5994,0.4963,0.3919,0.2866,0.1806,0.0742,-0.0324,-0.1388,-0.2445,-0.3493,-0.4524,-0.5533,-0.6516,-0.7466,-0.8377,-0.9244,-1.0060,-1.0820,-1.1519,-1.2150,-1.2708,-1.3189,-1.3587,-1.3898,-1.4118,-1.4242,-1.4266,-1.4188,-1.4003,-1.3710,-1.3306,-1.2789,-1.2158,-1.1410,-1.0547,-0.9566,-0.8468}
};
