float winch_sc_pose1[2][61]=
{{0.0000,0.1319,0.2502,0.3555,0.4481,0.5287,0.5978,0.6557,0.7031,0.7403,0.7679,0.7864,0.7961,0.7975,0.7912,0.7775,0.7569,0.7299,0.6970,0.6585,0.6149,0.5668,0.5144,0.4583,0.3990,0.3369,0.2724,0.2060,0.1381,0.0693,0.0000,-0.0694,-0.1384,-0.2065,-0.2733,-0.3382,-0.4009,-0.4608,-0.5176,-0.5706,-0.6194,-0.6637,-0.7028,-0.7363,-0.7638,-0.7847,-0.7986,-0.8051,-0.8036,-0.7937,-0.7750,-0.7469,-0.7090,-0.6609,-0.6020,-0.5321,-0.4505,-0.3570,-0.2510,-0.1321,-0.0000},
{0.0000,-0.1156,-0.2193,-0.3116,-0.3928,-0.4634,-0.5240,-0.5748,-0.6163,-0.6489,-0.6731,-0.6893,-0.6978,-0.6990,-0.6935,-0.6815,-0.6635,-0.6398,-0.6109,-0.5772,-0.5390,-0.4968,-0.4509,-0.4017,-0.3497,-0.2953,-0.2387,-0.1805,-0.1211,-0.0608,-0.0000,0.0608,0.1213,0.1810,0.2395,0.2964,0.3514,0.4039,0.4536,0.5001,0.5429,0.5817,0.6160,0.6454,0.6695,0.6878,0.7000,0.7057,0.7044,0.6957,0.6793,0.6547,0.6214,0.5793,0.5277,0.4664,0.3949,0.3129,0.2200,0.1158,-0.0000}
};
float winch_sc_pose2[2][61]=
{{0.0000,-0.1203,-0.2285,-0.3248,-0.4097,-0.4836,-0.5470,-0.6003,-0.6438,-0.6781,-0.7035,-0.7205,-0.7294,-0.7307,-0.7249,-0.7123,-0.6934,-0.6685,-0.6382,-0.6028,-0.5628,-0.5185,-0.4705,-0.4190,-0.3647,-0.3077,-0.2487,-0.1880,-0.1260,-0.0632,0.0000,0.0632,0.1260,0.1879,0.2486,0.3075,0.3644,0.4187,0.4700,0.5179,0.5621,0.6020,0.6373,0.6675,0.6923,0.7112,0.7237,0.7295,0.7282,0.7193,0.7024,0.6771,0.6429,0.5995,0.5464,0.4831,0.4093,0.3245,0.2283,0.1203,-0.0000},
{0.0000,0.2501,0.4749,0.6751,0.8516,1.0053,1.1371,1.2479,1.3384,1.4097,1.4625,1.4978,1.5163,1.5191,1.5070,1.4808,1.4414,1.3898,1.3267,1.2532,1.1699,1.0779,0.9780,0.8711,0.7580,0.6397,0.5170,0.3908,0.2620,0.1314,-0.0000,-0.1314,-0.2619,-0.3906,-0.5167,-0.6392,-0.7574,-0.8703,-0.9770,-1.0767,-1.1685,-1.2515,-1.3249,-1.3877,-1.4392,-1.4785,-1.5046,-1.5167,-1.5139,-1.4954,-1.4602,-1.4076,-1.3365,-1.2462,-1.1358,-1.0043,-0.8508,-0.6746,-0.4746,-0.2501,0.0000}
};
float winch_sc_pose3[2][61]=
{{0.0000,-0.0836,-0.1584,-0.2250,-0.2835,-0.3344,-0.3780,-0.4145,-0.4444,-0.4678,-0.4852,-0.4968,-0.5029,-0.5038,-0.4998,-0.4912,-0.4783,-0.4613,-0.4405,-0.4162,-0.3888,-0.3584,-0.3254,-0.2900,-0.2525,-0.2132,-0.1724,-0.1304,-0.0875,-0.0439,-0.0000,0.0440,0.0878,0.1310,0.1734,0.2147,0.2546,0.2927,0.3288,0.3626,0.3937,0.4219,0.4468,0.4682,0.4858,0.4991,0.5080,0.5121,0.5112,0.5049,0.4929,0.4750,0.4508,0.4201,0.3826,0.3380,0.2861,0.2266,0.1592,0.0838,0.0000},
{0.0000,-0.0529,-0.1004,-0.1425,-0.1796,-0.2118,-0.2394,-0.2625,-0.2815,-0.2963,-0.3073,-0.3147,-0.3185,-0.3191,-0.3166,-0.3111,-0.3029,-0.2922,-0.2790,-0.2636,-0.2463,-0.2270,-0.2061,-0.1837,-0.1599,-0.1351,-0.1092,-0.0826,-0.0554,-0.0278,0.0000,0.0279,0.0556,0.0830,0.1098,0.1360,0.1612,0.1854,0.2083,0.2296,0.2494,0.2672,0.2830,0.2966,0.3077,0.3161,0.3218,0.3244,0.3238,0.3198,0.3122,0.3008,0.2855,0.2661,0.2423,0.2141,0.1812,0.1435,0.1009,0.0531,-0.0000}
};
float winch_sc_pose4[2][61]=
{{0.0000,0.1521,0.2893,0.4118,0.5200,0.6145,0.6957,0.7640,0.8199,0.8640,0.8966,0.9185,0.9300,0.9317,0.9242,0.9080,0.8836,0.8517,0.8127,0.7672,0.7159,0.6592,0.5977,0.5320,0.4626,0.3901,0.3150,0.2379,0.1594,0.0799,-0.0000,-0.0797,-0.1588,-0.2366,-0.3128,-0.3867,-0.4578,-0.5256,-0.5897,-0.6494,-0.7044,-0.7541,-0.7979,-0.8355,-0.8662,-0.8896,-0.9052,-0.9124,-0.9107,-0.8997,-0.8787,-0.8473,-0.8049,-0.7509,-0.6848,-0.6061,-0.5140,-0.4079,-0.2874,-0.1516,-0.0000},
{-0.0000,-0.0929,-0.1766,-0.2514,-0.3175,-0.3752,-0.4247,-0.4664,-0.5006,-0.5275,-0.5475,-0.5608,-0.5678,-0.5689,-0.5643,-0.5544,-0.5395,-0.5200,-0.4962,-0.4684,-0.4371,-0.4025,-0.3649,-0.3248,-0.2824,-0.2382,-0.1923,-0.1453,-0.0973,-0.0488,0.0000,0.0487,0.0969,0.1445,0.1909,0.2361,0.2795,0.3209,0.3600,0.3965,0.4301,0.4604,0.4872,0.5101,0.5289,0.5431,0.5526,0.5571,0.5560,0.5493,0.5365,0.5173,0.4914,0.4585,0.4181,0.3700,0.3138,0.2491,0.1754,0.0926,-0.0000}
};
float winch_sc_pose5[2][61]=
{{0.0000,-0.1892,-0.3587,-0.5095,-0.6421,-0.7575,-0.8562,-0.9391,-1.0068,-1.0600,-1.0994,-1.1257,-1.1396,-1.1417,-1.1326,-1.1131,-1.0837,-1.0451,-0.9980,-0.9430,-0.8807,-0.8118,-0.7370,-0.6567,-0.5718,-0.4828,-0.3905,-0.2953,-0.1981,-0.0994,0.0000,0.0996,0.1986,0.2964,0.3923,0.4856,0.5757,0.6619,0.7435,0.8198,0.8901,0.9537,1.0100,1.0583,1.0978,1.1280,1.1481,1.1574,1.1553,1.1410,1.1140,1.0735,1.0190,0.9497,0.8650,0.7643,0.6471,0.5126,0.3603,0.1896,-0.0000},
{-0.0000,0.0625,0.1184,0.1682,0.2120,0.2501,0.2827,0.3101,0.3324,0.3500,0.3631,0.3717,0.3763,0.3770,0.3740,0.3676,0.3579,0.3451,0.3296,0.3114,0.2908,0.2681,0.2433,0.2168,0.1888,0.1594,0.1289,0.0975,0.0654,0.0328,0.0000,-0.0329,-0.0656,-0.0979,-0.1295,-0.1603,-0.1901,-0.2185,-0.2455,-0.2707,-0.2939,-0.3149,-0.3335,-0.3495,-0.3625,-0.3725,-0.3791,-0.3822,-0.3815,-0.3768,-0.3679,-0.3545,-0.3365,-0.3136,-0.2856,-0.2524,-0.2137,-0.1692,-0.1189,-0.0626,0.0000}
};
float winch_sc_pose6[2][61]=
{{0.0000,0.0597,0.1134,0.1613,0.2037,0.2407,0.2724,0.2991,0.3209,0.3381,0.3509,0.3594,0.3639,0.3646,0.3616,0.3553,0.3458,0.3333,0.3181,0.3004,0.2803,0.2581,0.2341,0.2084,0.1812,0.1529,0.1235,0.0933,0.0625,0.0313,-0.0000,-0.0313,-0.0623,-0.0929,-0.1228,-0.1519,-0.1798,-0.2065,-0.2317,-0.2553,-0.2769,-0.2965,-0.3138,-0.3286,-0.3407,-0.3499,-0.3561,-0.3589,-0.3583,-0.3539,-0.3456,-0.3332,-0.3165,-0.2953,-0.2692,-0.2382,-0.2019,-0.1602,-0.1128,-0.0595,0.0000},
{0.0000,-0.0386,-0.0734,-0.1045,-0.1319,-0.1559,-0.1764,-0.1937,-0.2078,-0.2190,-0.2272,-0.2327,-0.2357,-0.2361,-0.2342,-0.2301,-0.2239,-0.2159,-0.2060,-0.1945,-0.1815,-0.1672,-0.1516,-0.1349,-0.1174,-0.0990,-0.0800,-0.0604,-0.0405,-0.0203,0.0000,0.0203,0.0404,0.0602,0.0795,0.0983,0.1165,0.1337,0.1501,0.1653,0.1793,0.1920,0.2032,0.2128,0.2206,0.2266,0.2306,0.2324,0.2320,0.2292,0.2238,0.2158,0.2050,0.1912,0.1743,0.1542,0.1308,0.1038,0.0731,0.0385,-0.0000}
};
float winch_sc_pose7[2][61]=
{{0.0000,-0.0191,-0.0363,-0.0516,-0.0650,-0.0768,-0.0868,-0.0953,-0.1022,-0.1076,-0.1116,-0.1143,-0.1157,-0.1159,-0.1150,-0.1130,-0.1100,-0.1061,-0.1013,-0.0957,-0.0893,-0.0823,-0.0747,-0.0665,-0.0579,-0.0489,-0.0395,-0.0299,-0.0200,-0.0100,-0.0000,0.0100,0.0200,0.0299,0.0395,0.0489,0.0580,0.0666,0.0748,0.0825,0.0895,0.0959,0.1015,0.1063,0.1103,0.1133,0.1153,0.1162,0.1160,0.1146,0.1119,0.1079,0.1024,0.0955,0.0870,0.0769,0.0651,0.0516,0.0363,0.0191,0.0000},
{0.0000,0.0827,0.1570,0.2232,0.2815,0.3322,0.3757,0.4123,0.4421,0.4656,0.4830,0.4947,0.5008,0.5017,0.4977,0.4891,0.4761,0.4591,0.4383,0.4140,0.3865,0.3562,0.3232,0.2879,0.2506,0.2115,0.1710,0.1292,0.0867,0.0435,-0.0000,-0.0435,-0.0867,-0.1293,-0.1711,-0.2117,-0.2509,-0.2884,-0.3238,-0.3569,-0.3873,-0.4149,-0.4393,-0.4602,-0.4773,-0.4904,-0.4991,-0.5031,-0.5022,-0.4960,-0.4843,-0.4668,-0.4432,-0.4132,-0.3765,-0.3328,-0.2819,-0.2235,-0.1572,-0.0828,-0.0000}
};
float winch_sc_pose8[2][61]=
{{-0.0000,0.2017,0.3821,0.5422,0.6829,0.8050,0.9094,0.9970,1.0684,1.1246,1.1661,1.1939,1.2085,1.2107,1.2011,1.1805,1.1496,1.1089,1.0592,1.0011,0.9353,0.8625,0.7833,0.6983,0.6083,0.5139,0.4158,0.3147,0.2112,0.1061,0.0000,-0.1063,-0.2122,-0.3168,-0.4195,-0.5196,-0.6163,-0.7089,-0.7966,-0.8787,-0.9544,-1.0230,-1.0838,-1.1359,-1.1786,-1.2111,-1.2328,-1.2429,-1.2406,-1.2252,-1.1960,-1.1523,-1.0934,-1.0187,-0.9275,-0.8191,-0.6930,-0.5485,-0.3852,-0.2025,-0.0000},
{-0.0000,-0.1704,-0.3229,-0.4582,-0.5772,-0.6804,-0.7687,-0.8427,-0.9032,-0.9506,-0.9858,-1.0092,-1.0216,-1.0234,-1.0153,-0.9979,-0.9718,-0.9374,-0.8953,-0.8462,-0.7906,-0.7290,-0.6621,-0.5902,-0.5142,-0.4344,-0.3514,-0.2660,-0.1785,-0.0896,-0.0000,0.0899,0.1793,0.2678,0.3546,0.4392,0.5209,0.5992,0.6733,0.7427,0.8068,0.8648,0.9161,0.9602,0.9963,1.0238,1.0421,1.0506,1.0487,1.0357,1.0110,0.9741,0.9243,0.8611,0.7840,0.6923,0.5857,0.4636,0.3256,0.1712,-0.0000}
};
float winch_sc_pose9[2][61]=
{{-0.0000,-0.2537,-0.4825,-0.6869,-0.8678,-1.0256,-1.1612,-1.2754,-1.3689,-1.4425,-1.4972,-1.5337,-1.5529,-1.5558,-1.5432,-1.5161,-1.4754,-1.4220,-1.3568,-1.2808,-1.1950,-1.1002,-0.9975,-0.8877,-0.7718,-0.6507,-0.5254,-0.3968,-0.2657,-0.1332,0.0000,0.1329,0.2646,0.3943,0.5210,0.6440,0.7623,0.8751,0.9817,1.0810,1.1723,1.2548,1.3277,1.3900,1.4410,1.4799,1.5057,1.5177,1.5149,1.4966,1.4618,1.4097,1.3393,1.2496,1.1398,1.0089,0.8557,0.6794,0.4787,0.2527,-0.0000},
{0.0000,0.1231,0.2341,0.3333,0.4211,0.4977,0.5636,0.6190,0.6644,0.7001,0.7267,0.7444,0.7537,0.7551,0.7490,0.7359,0.7161,0.6901,0.6585,0.6216,0.5799,0.5339,0.4841,0.4308,0.3745,0.3158,0.2550,0.1925,0.1289,0.0646,-0.0000,-0.0645,-0.1284,-0.1913,-0.2528,-0.3125,-0.3699,-0.4247,-0.4764,-0.5246,-0.5689,-0.6090,-0.6444,-0.6746,-0.6994,-0.7183,-0.7308,-0.7366,-0.7353,-0.7264,-0.7095,-0.6842,-0.6500,-0.6065,-0.5532,-0.4896,-0.4153,-0.3297,-0.2323,-0.1226,0.0000}
};
float winch_sc_pose10[2][61]=
{{-0.0000,0.0383,0.0725,0.1030,0.1299,0.1532,0.1732,0.1899,0.2036,0.2144,0.2224,0.2277,0.2305,0.2309,0.2291,0.2251,0.2192,0.2114,0.2018,0.1907,0.1781,0.1642,0.1490,0.1328,0.1156,0.0976,0.0790,0.0597,0.0401,0.0201,-0.0000,-0.0201,-0.0402,-0.0599,-0.0793,-0.0982,-0.1164,-0.1338,-0.1503,-0.1658,-0.1800,-0.1929,-0.2042,-0.2140,-0.2220,-0.2281,-0.2322,-0.2340,-0.2336,-0.2307,-0.2253,-0.2171,-0.2061,-0.1920,-0.1749,-0.1546,-0.1308,-0.1036,-0.0728,-0.0383,0.0000},
{-0.0000,0.0824,0.1562,0.2219,0.2797,0.3299,0.3729,0.4090,0.4385,0.4617,0.4789,0.4904,0.4964,0.4973,0.4934,0.4848,0.4720,0.4552,0.4347,0.4107,0.3836,0.3536,0.3210,0.2860,0.2490,0.2103,0.1701,0.1286,0.0863,0.0433,0.0000,-0.0434,-0.0865,-0.1291,-0.1708,-0.2115,-0.2507,-0.2883,-0.3238,-0.3570,-0.3876,-0.4154,-0.4399,-0.4609,-0.4781,-0.4913,-0.5000,-0.5041,-0.5031,-0.4969,-0.4852,-0.4675,-0.4438,-0.4136,-0.3767,-0.3329,-0.2818,-0.2232,-0.1569,-0.0826,0.0000}
};
float winch_sc_pose11[2][61]=
{{0.0000,0.1490,0.2827,0.4017,0.5066,0.5978,0.6760,0.7416,0.7953,0.8375,0.8687,0.8896,0.9006,0.9022,0.8951,0.8796,0.8563,0.8257,0.7883,0.7447,0.6954,0.6409,0.5816,0.5181,0.4510,0.3807,0.3078,0.2327,0.1561,0.0783,-0.0000,-0.0783,-0.1562,-0.2331,-0.3084,-0.3816,-0.4523,-0.5198,-0.5837,-0.6435,-0.6985,-0.7483,-0.7923,-0.8300,-0.8609,-0.8845,-0.9001,-0.9074,-0.9057,-0.8946,-0.8735,-0.8419,-0.7993,-0.7451,-0.6789,-0.6001,-0.5082,-0.4028,-0.2832,-0.1491,-0.0000},
{-0.0000,-0.1483,-0.2814,-0.3999,-0.5042,-0.5950,-0.6729,-0.7382,-0.7916,-0.8336,-0.8647,-0.8855,-0.8965,-0.8981,-0.8909,-0.8755,-0.8523,-0.8219,-0.7847,-0.7413,-0.6922,-0.6379,-0.5789,-0.5157,-0.4489,-0.3789,-0.3063,-0.2316,-0.1553,-0.0779,0.0000,0.0780,0.1555,0.2320,0.3069,0.3798,0.4502,0.5174,0.5810,0.6405,0.6952,0.7448,0.7886,0.8262,0.8569,0.8804,0.8960,0.9032,0.9016,0.8905,0.8695,0.8380,0.7956,0.7417,0.6757,0.5973,0.5058,0.4009,0.2819,0.1484,-0.0000}
};
float winch_sc_pose12[2][61]=
{{0.0000,0.0537,0.1019,0.1449,0.1827,0.2157,0.2440,0.2677,0.2871,0.3024,0.3137,0.3213,0.3253,0.3259,0.3233,0.3176,0.3092,0.2981,0.2846,0.2688,0.2510,0.2313,0.2098,0.1869,0.1627,0.1373,0.1110,0.0839,0.0562,0.0282,-0.0000,-0.0282,-0.0562,-0.0839,-0.1110,-0.1373,-0.1627,-0.1870,-0.2099,-0.2313,-0.2511,-0.2690,-0.2847,-0.2983,-0.3094,-0.3178,-0.3234,-0.3260,-0.3254,-0.3214,-0.3139,-0.3025,-0.2873,-0.2678,-0.2441,-0.2158,-0.1828,-0.1449,-0.1019,-0.0537,-0.0000},
{0.0000,-0.0652,-0.1237,-0.1759,-0.2219,-0.2619,-0.2962,-0.3251,-0.3486,-0.3672,-0.3809,-0.3901,-0.3949,-0.3957,-0.3925,-0.3857,-0.3754,-0.3620,-0.3456,-0.3264,-0.3048,-0.2808,-0.2548,-0.2269,-0.1975,-0.1667,-0.1347,-0.1018,-0.0683,-0.0343,0.0000,0.0343,0.0683,0.1019,0.1347,0.1667,0.1975,0.2270,0.2549,0.2809,0.3049,0.3266,0.3457,0.3622,0.3756,0.3859,0.3927,0.3959,0.3951,0.3903,0.3811,0.3673,0.3488,0.3252,0.2963,0.2620,0.2219,0.1759,0.1238,0.0652,0.0000}
};
float winch_sc_pose13[2][61]=
{{0.0000,-0.1808,-0.3433,-0.4881,-0.6158,-0.7271,-0.8225,-0.9026,-0.9682,-1.0198,-1.0581,-1.0836,-1.0971,-1.0991,-1.0903,-1.0713,-1.0428,-1.0054,-0.9597,-0.9065,-0.8462,-0.7796,-0.7073,-0.6299,-0.5481,-0.4625,-0.3737,-0.2825,-0.1893,-0.0950,0.0000,0.0949,0.1892,0.2822,0.3732,0.4617,0.5469,0.6284,0.7054,0.7773,0.8435,0.9034,0.9563,1.0016,1.0388,1.0671,1.0859,1.0946,1.0926,1.0792,1.0539,1.0160,0.9647,0.8996,0.8199,0.7251,0.6144,0.4872,0.3428,0.1807,0.0000},
{-0.0000,0.1365,0.2593,0.3686,0.4651,0.5492,0.6212,0.6818,0.7314,0.7703,0.7992,0.8185,0.8287,0.8302,0.8236,0.8093,0.7877,0.7595,0.7250,0.6847,0.6392,0.5888,0.5342,0.4758,0.4140,0.3493,0.2823,0.2133,0.1430,0.0717,-0.0000,-0.0717,-0.1429,-0.2131,-0.2819,-0.3487,-0.4131,-0.4746,-0.5328,-0.5871,-0.6372,-0.6824,-0.7224,-0.7566,-0.7847,-0.8060,-0.8203,-0.8268,-0.8253,-0.8153,-0.7961,-0.7674,-0.7287,-0.6795,-0.6193,-0.5477,-0.4641,-0.3680,-0.2589,-0.1364,-0.0000}
};
float winch_sc_pose14[2][61]=
{{0.0000,0.0582,0.1104,0.1570,0.1980,0.2338,0.2644,0.2902,0.3112,0.3278,0.3400,0.3482,0.3525,0.3532,0.3504,0.3443,0.3351,0.3231,0.3085,0.2914,0.2720,0.2506,0.2274,0.2026,0.1763,0.1488,0.1202,0.0909,0.0609,0.0306,0.0000,-0.0306,-0.0609,-0.0909,-0.1202,-0.1487,-0.1763,-0.2025,-0.2274,-0.2506,-0.2720,-0.2913,-0.3084,-0.3231,-0.3351,-0.3442,-0.3503,-0.3531,-0.3525,-0.3482,-0.3400,-0.3277,-0.3111,-0.2901,-0.2644,-0.2337,-0.1980,-0.1570,-0.1104,-0.0582,0.0000},
{0.0000,0.0558,0.1060,0.1507,0.1901,0.2244,0.2538,0.2785,0.2987,0.3146,0.3264,0.3343,0.3384,0.3391,0.3363,0.3305,0.3217,0.3102,0.2961,0.2797,0.2611,0.2406,0.2183,0.1944,0.1692,0.1428,0.1154,0.0872,0.0585,0.0293,-0.0000,-0.0293,-0.0585,-0.0872,-0.1154,-0.1428,-0.1692,-0.1944,-0.2183,-0.2406,-0.2611,-0.2797,-0.2961,-0.3101,-0.3217,-0.3304,-0.3363,-0.3390,-0.3384,-0.3342,-0.3264,-0.3146,-0.2987,-0.2785,-0.2538,-0.2244,-0.1901,-0.1507,-0.1060,-0.0558,-0.0000}
};
float winch_sc_pose15[2][61]=
{{0.0000,0.0171,0.0326,0.0464,0.0586,0.0692,0.0784,0.0860,0.0923,0.0973,0.1010,0.1034,0.1047,0.1049,0.1041,0.1022,0.0995,0.0959,0.0915,0.0864,0.0806,0.0742,0.0673,0.0599,0.0521,0.0439,0.0355,0.0268,0.0180,0.0090,-0.0000,-0.0090,-0.0179,-0.0267,-0.0353,-0.0436,-0.0516,-0.0593,-0.0665,-0.0733,-0.0795,-0.0851,-0.0900,-0.0943,-0.0977,-0.1004,-0.1021,-0.1030,-0.1028,-0.1015,-0.0992,-0.0956,-0.0908,-0.0847,-0.0773,-0.0684,-0.0580,-0.0460,-0.0324,-0.0171,-0.0000},
{-0.0000,0.0305,0.0579,0.0824,0.1041,0.1230,0.1392,0.1529,0.1641,0.1729,0.1794,0.1838,0.1861,0.1864,0.1849,0.1817,0.1768,0.1704,0.1626,0.1535,0.1433,0.1319,0.1196,0.1065,0.0926,0.0781,0.0631,0.0476,0.0319,0.0160,0.0000,-0.0160,-0.0318,-0.0474,-0.0627,-0.0775,-0.0917,-0.1053,-0.1182,-0.1302,-0.1412,-0.1512,-0.1600,-0.1675,-0.1737,-0.1784,-0.1815,-0.1830,-0.1826,-0.1804,-0.1762,-0.1699,-0.1614,-0.1505,-0.1373,-0.1215,-0.1030,-0.0817,-0.0576,-0.0304,0.0000}
};
float winch_sc_pose16[2][61]=
{{-0.0000,-0.0519,-0.0985,-0.1399,-0.1764,-0.2082,-0.2353,-0.2582,-0.2768,-0.2915,-0.3023,-0.3096,-0.3134,-0.3140,-0.3115,-0.3061,-0.2980,-0.2874,-0.2744,-0.2592,-0.2421,-0.2231,-0.2025,-0.1804,-0.1571,-0.1326,-0.1072,-0.0811,-0.0544,-0.0273,0.0000,0.0273,0.0545,0.0813,0.1076,0.1332,0.1578,0.1814,0.2038,0.2247,0.2439,0.2613,0.2767,0.2899,0.3007,0.3090,0.3145,0.3170,0.3164,0.3126,0.3052,0.2941,0.2792,0.2602,0.2370,0.2095,0.1774,0.1405,0.0988,0.0520,-0.0000},
{0.0000,-0.0259,-0.0492,-0.0699,-0.0881,-0.1039,-0.1175,-0.1289,-0.1382,-0.1456,-0.1510,-0.1546,-0.1565,-0.1568,-0.1555,-0.1529,-0.1488,-0.1435,-0.1370,-0.1295,-0.1209,-0.1114,-0.1011,-0.0901,-0.0784,-0.0662,-0.0535,-0.0405,-0.0272,-0.0136,0.0000,0.0136,0.0272,0.0406,0.0537,0.0665,0.0788,0.0906,0.1018,0.1122,0.1218,0.1305,0.1382,0.1448,0.1502,0.1543,0.1570,0.1583,0.1580,0.1561,0.1524,0.1469,0.1394,0.1299,0.1184,0.1046,0.0886,0.0702,0.0493,0.0260,-0.0000}
};
float winch_sc_pose17[2][61]=
{{0.0000,0.1129,0.2142,0.3042,0.3835,0.4525,0.5116,0.5612,0.6017,0.6336,0.6572,0.6730,0.6813,0.6825,0.6771,0.6654,0.6478,0.6247,0.5965,0.5636,0.5263,0.4850,0.4402,0.3923,0.3415,0.2883,0.2331,0.1763,0.1182,0.0593,0.0000,-0.0594,-0.1184,-0.1767,-0.2339,-0.2895,-0.3431,-0.3945,-0.4430,-0.4884,-0.5302,-0.5681,-0.6016,-0.6303,-0.6538,-0.6717,-0.6837,-0.6892,-0.6879,-0.6795,-0.6634,-0.6393,-0.6069,-0.5657,-0.5153,-0.4554,-0.3856,-0.3055,-0.2148,-0.1131,0.0000},
{0.0000,0.0401,0.0761,0.1082,0.1364,0.1609,0.1819,0.1996,0.2140,0.2253,0.2337,0.2393,0.2423,0.2427,0.2408,0.2366,0.2304,0.2221,0.2121,0.2004,0.1871,0.1725,0.1565,0.1395,0.1214,0.1025,0.0829,0.0627,0.0420,0.0211,0.0000,-0.0211,-0.0421,-0.0628,-0.0832,-0.1029,-0.1220,-0.1403,-0.1575,-0.1737,-0.1885,-0.2020,-0.2139,-0.2241,-0.2325,-0.2389,-0.2431,-0.2451,-0.2446,-0.2416,-0.2359,-0.2273,-0.2158,-0.2012,-0.1832,-0.1619,-0.1371,-0.1086,-0.0764,-0.0402,-0.0000}
};
float winch_sc_pose18[2][61]=
{{0.0000,-0.0547,-0.1040,-0.1480,-0.1869,-0.2207,-0.2498,-0.2743,-0.2943,-0.3100,-0.3217,-0.3295,-0.3336,-0.3343,-0.3316,-0.3258,-0.3171,-0.3056,-0.2917,-0.2754,-0.2570,-0.2367,-0.2147,-0.1911,-0.1662,-0.1402,-0.1133,-0.0856,-0.0573,-0.0287,0.0000,0.0287,0.0572,0.0852,0.1127,0.1393,0.1650,0.1895,0.2126,0.2342,0.2540,0.2720,0.2878,0.3014,0.3125,0.3210,0.3266,0.3292,0.3286,0.3246,0.3170,0.3057,0.2903,0.2708,0.2470,0.2185,0.1853,0.1470,0.1035,0.0546,0.0000},
{0.0000,-0.3001,-0.5704,-0.8116,-1.0246,-1.2104,-1.3699,-1.5040,-1.6138,-1.7003,-1.7644,-1.8072,-1.8298,-1.8331,-1.8184,-1.7866,-1.7388,-1.6761,-1.5996,-1.5104,-1.4096,-1.2982,-1.1773,-1.0481,-0.9116,-0.7689,-0.6211,-0.4692,-0.3144,-0.1576,-0.0000,0.1574,0.3135,0.4674,0.6178,0.7640,0.9047,1.0389,1.1658,1.2842,1.3931,1.4915,1.5784,1.6528,1.7137,1.7601,1.7910,1.8053,1.8020,1.7801,1.7386,1.6763,1.5922,1.4852,1.3543,1.1982,1.0159,0.8061,0.5676,0.2994,-0.0000}
};
float winch_sc_pose19[2][61]=
{{0.0000,-0.0416,-0.0790,-0.1123,-0.1416,-0.1672,-0.1891,-0.2075,-0.2226,-0.2344,-0.2432,-0.2490,-0.2521,-0.2526,-0.2506,-0.2462,-0.2397,-0.2311,-0.2206,-0.2084,-0.1946,-0.1793,-0.1627,-0.1449,-0.1261,-0.1064,-0.0860,-0.0650,-0.0436,-0.0219,-0.0000,0.0219,0.0436,0.0650,0.0860,0.1064,0.1261,0.1449,0.1626,0.1792,0.1945,0.2084,0.2206,0.2311,0.2396,0.2462,0.2505,0.2525,0.2521,0.2490,0.2431,0.2344,0.2225,0.2075,0.1891,0.1672,0.1416,0.1123,0.0790,0.0416,-0.0000},
{0.0000,0.2187,0.4152,0.5902,0.7445,0.8788,0.9939,1.0907,1.1698,1.2320,1.2782,1.3090,1.3252,1.3276,1.3170,1.2941,1.2598,1.2147,1.1596,1.0953,1.0226,0.9422,0.8549,0.7615,0.6626,0.5592,0.4520,0.3417,0.2291,0.1149,0.0000,-0.1149,-0.2291,-0.3417,-0.4520,-0.5592,-0.6626,-0.7614,-0.8548,-0.9420,-1.0224,-1.0951,-1.1593,-1.2144,-1.2595,-1.2939,-1.3167,-1.3273,-1.3249,-1.3087,-1.2779,-1.2318,-1.1696,-1.0905,-0.9938,-0.8787,-0.7444,-0.5901,-0.4152,-0.2187,0.0000}
};
float winch_sc_pose20[2][61]=
{{0.0000,0.0847,0.1605,0.2277,0.2869,0.3382,0.3822,0.4190,0.4491,0.4727,0.4902,0.5018,0.5080,0.5089,0.5049,0.4962,0.4832,0.4661,0.4452,0.4207,0.3931,0.3624,0.3291,0.2934,0.2555,0.2159,0.1746,0.1322,0.0887,0.0445,-0.0000,-0.0446,-0.0891,-0.1330,-0.1761,-0.2181,-0.2587,-0.2975,-0.3343,-0.3688,-0.4005,-0.4293,-0.4548,-0.4766,-0.4945,-0.5082,-0.5173,-0.5215,-0.5205,-0.5141,-0.5018,-0.4835,-0.4588,-0.4275,-0.3892,-0.3437,-0.2908,-0.2302,-0.1617,-0.0850,-0.0000},
{-0.0000,0.0687,0.1302,0.1847,0.2327,0.2743,0.3100,0.3398,0.3642,0.3834,0.3976,0.4071,0.4120,0.4128,0.4095,0.4025,0.3919,0.3780,0.3611,0.3413,0.3188,0.2940,0.2669,0.2380,0.2073,0.1751,0.1417,0.1072,0.0719,0.0361,0.0000,-0.0362,-0.0722,-0.1079,-0.1428,-0.1769,-0.2098,-0.2413,-0.2712,-0.2991,-0.3249,-0.3482,-0.3689,-0.3866,-0.4011,-0.4122,-0.4196,-0.4230,-0.4222,-0.4170,-0.4070,-0.3922,-0.3722,-0.3467,-0.3157,-0.2788,-0.2359,-0.1867,-0.1312,-0.0690,-0.0000}
};
float winch_sc_pose21[2][61]=
{{0.0000,-0.0301,-0.0573,-0.0816,-0.1031,-0.1218,-0.1379,-0.1515,-0.1626,-0.1714,-0.1779,-0.1822,-0.1845,-0.1849,-0.1834,-0.1802,-0.1753,-0.1690,-0.1612,-0.1522,-0.1420,-0.1307,-0.1185,-0.1054,-0.0917,-0.0773,-0.0624,-0.0471,-0.0315,-0.0158,0.0000,0.0158,0.0314,0.0468,0.0618,0.0764,0.0904,0.1038,0.1164,0.1282,0.1390,0.1488,0.1574,0.1648,0.1708,0.1754,0.1785,0.1799,0.1796,0.1774,0.1733,0.1671,0.1588,0.1482,0.1351,0.1196,0.1015,0.0806,0.0568,0.0300,-0.0000},
{-0.0000,-0.2268,-0.4314,-0.6143,-0.7761,-0.9174,-1.0389,-1.1411,-1.2249,-1.2909,-1.3398,-1.3726,-1.3898,-1.3924,-1.3811,-1.3568,-1.3203,-1.2724,-1.2140,-1.1460,-1.0691,-0.9842,-0.8922,-0.7940,-0.6902,-0.5819,-0.4698,-0.3547,-0.2375,-0.1190,-0.0000,0.1187,0.2364,0.3522,0.4654,0.5752,0.6809,0.7816,0.8767,0.9653,1.0468,1.1204,1.1854,1.2410,1.2865,1.3211,1.3442,1.3548,1.3524,1.3360,1.3050,1.2585,1.1957,1.1158,1.0178,0.9009,0.7643,0.6069,0.4277,0.2258,0.0000}
};
float winch_sc_pose22[2][61]=
{{-0.0000,-0.1183,-0.2242,-0.3183,-0.4010,-0.4728,-0.5343,-0.5858,-0.6279,-0.6610,-0.6855,-0.7018,-0.7104,-0.7117,-0.7061,-0.6939,-0.6757,-0.6517,-0.6225,-0.5883,-0.5495,-0.5067,-0.4601,-0.4101,-0.3572,-0.3017,-0.2441,-0.1847,-0.1239,-0.0622,-0.0000,0.0623,0.1244,0.1857,0.2458,0.3044,0.3610,0.4152,0.4665,0.5145,0.5587,0.5988,0.6343,0.6647,0.6896,0.7086,0.7213,0.7272,0.7258,0.7168,0.6998,0.6743,0.6399,0.5963,0.5430,0.4796,0.4059,0.3214,0.2258,0.1187,-0.0000},
{-0.0000,0.2115,0.4008,0.5689,0.7167,0.8451,0.9549,1.0471,1.1223,1.1814,1.2252,1.2544,1.2698,1.2721,1.2620,1.2403,1.2077,1.1649,1.1126,1.0514,0.9822,0.9056,0.8223,0.7329,0.6384,0.5392,0.4362,0.3300,0.2214,0.1112,0.0000,-0.1114,-0.2223,-0.3318,-0.4394,-0.5441,-0.6452,-0.7420,-0.8337,-0.9195,-0.9986,-1.0703,-1.1337,-1.1880,-1.2326,-1.2666,-1.2892,-1.2997,-1.2973,-1.2813,-1.2508,-1.2052,-1.1438,-1.0657,-0.9704,-0.8572,-0.7254,-0.5743,-0.4035,-0.2122,-0.0000}
};
float winch_sc_pose23[2][61]=
{{-0.0000,0.1159,0.2200,0.3128,0.3947,0.4660,0.5272,0.5786,0.6207,0.6537,0.6783,0.6947,0.7033,0.7046,0.6989,0.6868,0.6685,0.6445,0.6152,0.5811,0.5424,0.4997,0.4533,0.4037,0.3513,0.2964,0.2395,0.1810,0.1214,0.0609,-0.0000,-0.0608,-0.1213,-0.1808,-0.2392,-0.2959,-0.3506,-0.4028,-0.4521,-0.4982,-0.5407,-0.5790,-0.6130,-0.6420,-0.6658,-0.6840,-0.6960,-0.7016,-0.7003,-0.6918,-0.6755,-0.6512,-0.6184,-0.5766,-0.5255,-0.4647,-0.3938,-0.3122,-0.2197,-0.1158,0.0000},
{-0.0000,-0.0301,-0.0571,-0.0812,-0.1024,-0.1209,-0.1368,-0.1502,-0.1611,-0.1697,-0.1760,-0.1803,-0.1825,-0.1829,-0.1814,-0.1782,-0.1735,-0.1673,-0.1597,-0.1508,-0.1408,-0.1297,-0.1177,-0.1048,-0.0912,-0.0769,-0.0622,-0.0470,-0.0315,-0.0158,-0.0000,0.0158,0.0315,0.0469,0.0621,0.0768,0.0910,0.1045,0.1173,0.1293,0.1403,0.1503,0.1591,0.1666,0.1728,0.1775,0.1806,0.1821,0.1818,0.1795,0.1753,0.1690,0.1605,0.1496,0.1364,0.1206,0.1022,0.0810,0.0570,0.0300,-0.0000}
};
float winch_sc_pose24[2][61]=
{{0.0000,-0.0190,-0.0361,-0.0513,-0.0648,-0.0765,-0.0866,-0.0951,-0.1020,-0.1075,-0.1115,-0.1142,-0.1157,-0.1159,-0.1149,-0.1129,-0.1099,-0.1060,-0.1011,-0.0955,-0.0891,-0.0821,-0.0744,-0.0663,-0.0577,-0.0486,-0.0393,-0.0297,-0.0199,-0.0100,-0.0000,0.0100,0.0198,0.0296,0.0391,0.0484,0.0573,0.0658,0.0738,0.0813,0.0882,0.0945,0.1000,0.1047,0.1086,0.1115,0.1135,0.1144,0.1142,0.1128,0.1102,0.1062,0.1009,0.0941,0.0858,0.0759,0.0643,0.0510,0.0359,0.0189,0.0000},
{-0.0000,-0.1743,-0.3312,-0.4711,-0.5947,-0.7025,-0.7950,-0.8728,-0.9364,-0.9866,-1.0237,-1.0485,-1.0616,-1.0636,-1.0550,-1.0366,-1.0089,-0.9726,-0.9282,-0.8765,-0.8180,-0.7534,-0.6833,-0.6084,-0.5292,-0.4464,-0.3606,-0.2724,-0.1825,-0.0915,-0.0000,0.0914,0.1821,0.2715,0.3590,0.4440,0.5258,0.6039,0.6777,0.7466,0.8100,0.8673,0.9179,0.9613,0.9968,1.0238,1.0418,1.0501,1.0482,1.0355,1.0113,0.9750,0.9260,0.8637,0.7875,0.6966,0.5905,0.4685,0.3298,0.1739,-0.0000}
};
float winch_sc_pose25[2][61]=
{{-0.0000,-0.1484,-0.2819,-0.4009,-0.5059,-0.5973,-0.6758,-0.7417,-0.7957,-0.8381,-0.8696,-0.8906,-0.9017,-0.9034,-0.8961,-0.8805,-0.8571,-0.8263,-0.7887,-0.7449,-0.6953,-0.6405,-0.5811,-0.5174,-0.4502,-0.3799,-0.3069,-0.2320,-0.1555,-0.0780,0.0000,0.0779,0.1553,0.2316,0.3063,0.3788,0.4488,0.5155,0.5787,0.6376,0.6919,0.7409,0.7843,0.8214,0.8518,0.8750,0.8904,0.8975,0.8959,0.8850,0.8642,0.8331,0.7912,0.7378,0.6725,0.5948,0.5040,0.3997,0.2813,0.1483,-0.0000},
{-0.0000,0.1715,0.3258,0.4633,0.5846,0.6903,0.7810,0.8572,0.9195,0.9686,1.0050,1.0293,1.0421,1.0440,1.0356,1.0176,0.9905,0.9549,0.9115,0.8608,0.8035,0.7402,0.6715,0.5979,0.5202,0.4389,0.3547,0.2680,0.1796,0.0901,0.0000,-0.0900,-0.1794,-0.2676,-0.3539,-0.4377,-0.5186,-0.5957,-0.6687,-0.7368,-0.7995,-0.8562,-0.9063,-0.9493,-0.9844,-1.0112,-1.0290,-1.0373,-1.0354,-1.0227,-0.9987,-0.9628,-0.9143,-0.8526,-0.7772,-0.6873,-0.5825,-0.4619,-0.3251,-0.1713,-0.0000}
};
float winch_sc_pose26[2][61]=
{{0.0000,0.2490,0.4719,0.6696,0.8434,0.9943,1.1234,1.2316,1.3199,1.3893,1.4407,1.4750,1.4930,1.4957,1.4839,1.4585,1.4202,1.3699,1.3085,1.2367,1.1554,1.0654,0.9675,0.8625,0.7513,0.6347,0.5135,0.3886,0.2608,0.1310,0.0000,-0.1313,-0.2619,-0.3911,-0.5180,-0.6415,-0.7609,-0.8751,-0.9834,-1.0847,-1.1781,-1.2627,-1.3377,-1.4019,-1.4546,-1.4948,-1.5215,-1.5339,-1.5311,-1.5121,-1.4761,-1.4222,-1.3496,-1.2574,-1.1448,-1.0111,-0.8554,-0.6772,-0.4756,-0.2501,-0.0000},
{-0.0000,-0.0827,-0.1568,-0.2225,-0.2802,-0.3303,-0.3732,-0.4092,-0.4386,-0.4616,-0.4787,-0.4901,-0.4961,-0.4970,-0.4931,-0.4846,-0.4719,-0.4552,-0.4348,-0.4109,-0.3839,-0.3540,-0.3214,-0.2866,-0.2496,-0.2109,-0.1706,-0.1291,-0.0866,-0.0435,-0.0000,0.0436,0.0870,0.1299,0.1721,0.2131,0.2528,0.2907,0.3267,0.3604,0.3914,0.4195,0.4444,0.4658,0.4833,0.4967,0.5056,0.5097,0.5087,0.5024,0.4905,0.4726,0.4484,0.4178,0.3804,0.3359,0.2842,0.2250,0.1580,0.0831,0.0000}
};
float winch_sc_pose27[2][61]=
{{-0.0000,-0.1657,-0.3145,-0.4470,-0.5639,-0.6657,-0.7529,-0.8262,-0.8861,-0.9333,-0.9682,-0.9916,-1.0039,-1.0057,-0.9977,-0.9803,-0.9543,-0.9201,-0.8784,-0.8297,-0.7746,-0.7137,-0.6476,-0.5768,-0.5019,-0.4236,-0.3424,-0.2588,-0.1735,-0.0870,0.0000,0.0870,0.1735,0.2588,0.3423,0.4235,0.5018,0.5766,0.6473,0.7134,0.7742,0.8293,0.8779,0.9196,0.9537,0.9798,0.9971,1.0051,1.0033,0.9910,0.9677,0.9328,0.8857,0.8258,0.7526,0.6654,0.5637,0.4469,0.3144,0.1656,0.0000},
{-0.0000,-0.1596,-0.3030,-0.4307,-0.5434,-0.6414,-0.7255,-0.7961,-0.8539,-0.8993,-0.9330,-0.9555,-0.9674,-0.9691,-0.9614,-0.9447,-0.9196,-0.8867,-0.8464,-0.7995,-0.7464,-0.6877,-0.6240,-0.5558,-0.4836,-0.4082,-0.3299,-0.2494,-0.1672,-0.0839,-0.0000,0.0839,0.1672,0.2493,0.3298,0.4081,0.4835,0.5556,0.6237,0.6874,0.7461,0.7991,0.8460,0.8862,0.9191,0.9441,0.9608,0.9686,0.9668,0.9550,0.9325,0.8988,0.8534,0.7957,0.7252,0.6412,0.5432,0.4306,0.3030,0.1596,0.0000}
};
float winch_sc_pose28[2][61]=
{{0.0000,-0.0559,-0.1061,-0.1508,-0.1902,-0.2245,-0.2539,-0.2785,-0.2987,-0.3145,-0.3263,-0.3342,-0.3383,-0.3389,-0.3362,-0.3304,-0.3216,-0.3101,-0.2961,-0.2797,-0.2612,-0.2406,-0.2184,-0.1945,-0.1693,-0.1429,-0.1155,-0.0873,-0.0586,-0.0294,-0.0000,0.0294,0.0586,0.0874,0.1157,0.1431,0.1696,0.1950,0.2189,0.2413,0.2619,0.2806,0.2971,0.3112,0.3228,0.3316,0.3375,0.3402,0.3396,0.3354,0.3275,0.3156,0.2997,0.2794,0.2546,0.2250,0.1906,0.1511,0.1063,0.0560,-0.0000},
{-0.0000,0.1591,0.3019,0.4291,0.5411,0.6386,0.7222,0.7924,0.8497,0.8949,0.9283,0.9507,0.9624,0.9642,0.9565,0.9399,0.9150,0.8823,0.8423,0.7957,0.7430,0.6846,0.6213,0.5534,0.4817,0.4066,0.3287,0.2485,0.1666,0.0836,0.0000,-0.0836,-0.1667,-0.2487,-0.3291,-0.4072,-0.4826,-0.5546,-0.6228,-0.6865,-0.7451,-0.7982,-0.8451,-0.8853,-0.9183,-0.9434,-0.9601,-0.9678,-0.9660,-0.9542,-0.9317,-0.8980,-0.8526,-0.7948,-0.7242,-0.6402,-0.5422,-0.4298,-0.3023,-0.1592,-0.0000}
};
float winch_sc_pose29[2][61]=
{{-0.0000,0.2347,0.4463,0.6355,0.8028,0.9489,1.0744,1.1801,1.2667,1.3348,1.3854,1.4192,1.4371,1.4397,1.4281,1.4030,1.3653,1.3158,1.2555,1.1851,1.1057,1.0180,0.9229,0.8213,0.7140,0.6020,0.4860,0.3670,0.2458,0.1232,-0.0000,-0.1229,-0.2447,-0.3646,-0.4818,-0.5955,-0.7048,-0.8092,-0.9076,-0.9994,-1.0839,-1.1601,-1.2274,-1.2850,-1.3321,-1.3680,-1.3919,-1.4030,-1.4004,-1.3835,-1.3514,-1.3032,-1.2381,-1.1553,-1.0538,-0.9328,-0.7912,-0.6282,-0.4427,-0.2337,-0.0000},
{0.0000,-0.1088,-0.2069,-0.2947,-0.3722,-0.4400,-0.4982,-0.5472,-0.5874,-0.6190,-0.6425,-0.6582,-0.6665,-0.6677,-0.6623,-0.6506,-0.6331,-0.6102,-0.5822,-0.5496,-0.5127,-0.4720,-0.4279,-0.3808,-0.3311,-0.2791,-0.2254,-0.1702,-0.1140,-0.0571,0.0000,0.0570,0.1135,0.1690,0.2234,0.2761,0.3268,0.3752,0.4209,0.4634,0.5026,0.5380,0.5692,0.5959,0.6178,0.6344,0.6455,0.6506,0.6495,0.6416,0.6267,0.6043,0.5741,0.5357,0.4887,0.4325,0.3669,0.2913,0.2053,0.1083,0.0000}
};
float winch_sc_pose30[2][61]=
{{-0.0000,-0.2491,-0.4725,-0.6713,-0.8463,-0.9986,-1.1291,-1.2386,-1.3280,-1.3984,-1.4505,-1.4853,-1.5037,-1.5064,-1.4944,-1.4686,-1.4297,-1.3788,-1.3165,-1.2438,-1.1615,-1.0704,-0.9715,-0.8656,-0.7535,-0.6362,-0.5143,-0.3889,-0.2608,-0.1309,-0.0000,0.1310,0.2612,0.3898,0.5158,0.6383,0.7566,0.8696,0.9766,1.0766,1.1687,1.2521,1.3258,1.3890,1.4408,1.4802,1.5065,1.5186,1.5159,1.4972,1.4619,1.4089,1.3375,1.2468,1.1359,1.0040,0.8502,0.6737,0.4737,0.2494,0.0000},
{-0.0000,0.1339,0.2540,0.3608,0.4549,0.5368,0.6069,0.6658,0.7139,0.7518,0.7798,0.7985,0.8084,0.8099,0.8034,0.7895,0.7686,0.7412,0.7077,0.6686,0.6243,0.5754,0.5222,0.4653,0.4050,0.3419,0.2764,0.2090,0.1402,0.0704,-0.0000,-0.0704,-0.1404,-0.2095,-0.2772,-0.3431,-0.4067,-0.4674,-0.5249,-0.5787,-0.6282,-0.6731,-0.7127,-0.7467,-0.7745,-0.7958,-0.8099,-0.8164,-0.8149,-0.8049,-0.7859,-0.7574,-0.7190,-0.6702,-0.6106,-0.5397,-0.4570,-0.3621,-0.2546,-0.1340,0.0000}
};
float winch_sc_pose31[2][61]=
{{0.0000,-0.0124,-0.0235,-0.0333,-0.0420,-0.0495,-0.0560,-0.0614,-0.0658,-0.0693,-0.0718,-0.0735,-0.0744,-0.0746,-0.0740,-0.0727,-0.0708,-0.0683,-0.0652,-0.0616,-0.0576,-0.0531,-0.0482,-0.0430,-0.0374,-0.0316,-0.0256,-0.0193,-0.0130,-0.0065,0.0000,0.0065,0.0130,0.0194,0.0257,0.0318,0.0378,0.0434,0.0488,0.0538,0.0584,0.0626,0.0663,0.0695,0.0721,0.0741,0.0754,0.0760,0.0759,0.0750,0.0732,0.0705,0.0669,0.0624,0.0568,0.0502,0.0425,0.0336,0.0236,0.0124,-0.0000},
{-0.0000,-0.0634,-0.1201,-0.1706,-0.2149,-0.2534,-0.2864,-0.3141,-0.3367,-0.3544,-0.3676,-0.3764,-0.3810,-0.3817,-0.3787,-0.3721,-0.3623,-0.3495,-0.3338,-0.3154,-0.2946,-0.2716,-0.2466,-0.2198,-0.1914,-0.1617,-0.1308,-0.0989,-0.0664,-0.0333,-0.0000,0.0334,0.0666,0.0994,0.1316,0.1630,0.1933,0.2222,0.2497,0.2754,0.2990,0.3205,0.3394,0.3557,0.3690,0.3792,0.3860,0.3891,0.3884,0.3836,0.3745,0.3608,0.3425,0.3191,0.2906,0.2567,0.2173,0.1720,0.1209,0.0636,-0.0000}
};
float winch_sc_pose32[2][61]=
{{-0.0000,-0.0011,-0.0021,-0.0030,-0.0037,-0.0044,-0.0050,-0.0055,-0.0059,-0.0062,-0.0064,-0.0066,-0.0067,-0.0067,-0.0066,-0.0065,-0.0063,-0.0061,-0.0058,-0.0055,-0.0051,-0.0047,-0.0043,-0.0038,-0.0033,-0.0028,-0.0023,-0.0017,-0.0011,-0.0006,-0.0000,0.0006,0.0011,0.0017,0.0023,0.0028,0.0033,0.0038,0.0043,0.0047,0.0051,0.0055,0.0058,0.0061,0.0063,0.0065,0.0066,0.0066,0.0066,0.0065,0.0064,0.0062,0.0059,0.0055,0.0050,0.0044,0.0037,0.0030,0.0021,0.0011,-0.0000},
{0.0000,0.0821,0.1559,0.2217,0.2797,0.3303,0.3737,0.4102,0.4400,0.4635,0.4809,0.4925,0.4986,0.4995,0.4955,0.4869,0.4739,0.4569,0.4361,0.4119,0.3845,0.3542,0.3213,0.2861,0.2489,0.2101,0.1697,0.1283,0.0860,0.0431,-0.0000,-0.0431,-0.0859,-0.1281,-0.1694,-0.2095,-0.2482,-0.2852,-0.3201,-0.3527,-0.3828,-0.4099,-0.4339,-0.4545,-0.4713,-0.4841,-0.4927,-0.4966,-0.4957,-0.4897,-0.4782,-0.4610,-0.4377,-0.4082,-0.3721,-0.3290,-0.2788,-0.2211,-0.1556,-0.0820,-0.0000}
};
float winch_sc_pose33[2][61]=
{{-0.0000,0.2514,0.4774,0.6786,0.8561,1.0106,1.1431,1.2544,1.3454,1.4171,1.4702,1.5056,1.5243,1.5271,1.5149,1.4885,1.4490,1.3971,1.3337,1.2597,1.1760,1.0836,0.9831,0.8756,0.7620,0.6430,0.5197,0.3928,0.2633,0.1321,0.0000,-0.1321,-0.2633,-0.3927,-0.5194,-0.6426,-0.7614,-0.8749,-0.9821,-1.0824,-1.1746,-1.2581,-1.3319,-1.3951,-1.4469,-1.4863,-1.5125,-1.5247,-1.5219,-1.5033,-1.4680,-1.4150,-1.3436,-1.2528,-1.1418,-1.0096,-0.8553,-0.6782,-0.4771,-0.2514,0.0000},
{-0.0000,-0.0508,-0.0965,-0.1372,-0.1731,-0.2044,-0.2312,-0.2537,-0.2721,-0.2866,-0.2973,-0.3045,-0.3083,-0.3089,-0.3064,-0.3011,-0.2931,-0.2825,-0.2697,-0.2548,-0.2378,-0.2191,-0.1988,-0.1771,-0.1541,-0.1300,-0.1051,-0.0794,-0.0533,-0.0267,-0.0000,0.0267,0.0532,0.0794,0.1050,0.1299,0.1540,0.1769,0.1986,0.2189,0.2376,0.2544,0.2694,0.2822,0.2926,0.3006,0.3059,0.3084,0.3078,0.3040,0.2969,0.2862,0.2717,0.2534,0.2309,0.2042,0.1730,0.1371,0.0965,0.0508,-0.0000}
};
float winch_sc_pose34[2][61]=
{{-0.0000,-0.0754,-0.1431,-0.2033,-0.2563,-0.3025,-0.3420,-0.3752,-0.4023,-0.4236,-0.4394,-0.4499,-0.4555,-0.4563,-0.4527,-0.4449,-0.4331,-0.4176,-0.3988,-0.3767,-0.3518,-0.3242,-0.2943,-0.2622,-0.2282,-0.1927,-0.1558,-0.1178,-0.0790,-0.0396,-0.0000,0.0397,0.0791,0.1181,0.1562,0.1934,0.2292,0.2634,0.2958,0.3261,0.3540,0.3793,0.4016,0.4208,0.4365,0.4484,0.4564,0.4601,0.4592,0.4536,0.4429,0.4268,0.4052,0.3777,0.3441,0.3041,0.2575,0.2041,0.1435,0.0755,-0.0000},
{-0.0000,0.1493,0.2832,0.4024,0.5073,0.5986,0.6768,0.7425,0.7961,0.8383,0.8696,0.8904,0.9014,0.9031,0.8959,0.8804,0.8571,0.8265,0.7892,0.7456,0.6962,0.6416,0.5824,0.5189,0.4517,0.3813,0.3083,0.2331,0.1563,0.0785,0.0000,-0.0785,-0.1566,-0.2336,-0.3092,-0.3826,-0.4535,-0.5213,-0.5854,-0.6454,-0.7007,-0.7506,-0.7949,-0.8328,-0.8638,-0.8875,-0.9032,-0.9105,-0.9089,-0.8977,-0.8765,-0.8447,-0.8019,-0.7475,-0.6810,-0.6019,-0.5096,-0.4038,-0.2839,-0.1495,-0.0000}
};
float winch_sc_pose35[2][61]=
{{0.0000,0.0381,0.0724,0.1031,0.1303,0.1540,0.1744,0.1915,0.2056,0.2167,0.2249,0.2304,0.2333,0.2337,0.2318,0.2277,0.2216,0.2136,0.2038,0.1924,0.1794,0.1652,0.1498,0.1333,0.1158,0.0977,0.0788,0.0595,0.0399,0.0200,-0.0000,-0.0199,-0.0397,-0.0591,-0.0781,-0.0965,-0.1143,-0.1312,-0.1471,-0.1620,-0.1757,-0.1880,-0.1989,-0.2082,-0.2159,-0.2217,-0.2256,-0.2274,-0.2269,-0.2242,-0.2190,-0.2112,-0.2007,-0.1872,-0.1708,-0.1512,-0.1283,-0.1018,-0.0718,-0.0379,-0.0000},
{-0.0000,-0.1801,-0.3427,-0.4880,-0.6165,-0.7288,-0.8253,-0.9066,-0.9731,-1.0256,-1.0645,-1.0905,-1.1042,-1.1063,-1.0973,-1.0780,-1.0490,-1.0109,-0.9645,-0.9104,-0.8493,-0.7819,-0.7088,-0.6307,-0.5483,-0.4623,-0.3732,-0.2818,-0.1887,-0.0945,-0.0000,0.0943,0.1878,0.2798,0.3697,0.4569,0.5408,0.6208,0.6963,0.7667,0.8315,0.8899,0.9415,0.9857,1.0218,1.0493,1.0676,1.0761,1.0742,1.0612,1.0365,0.9996,0.9497,0.8862,0.8084,0.7156,0.6071,0.4820,0.3397,0.1793,0.0000}
};
float winch_sc_pose36[2][61]=
{{0.0000,0.0576,0.1092,0.1549,0.1952,0.2301,0.2600,0.2851,0.3056,0.3216,0.3336,0.3415,0.3457,0.3463,0.3436,0.3377,0.3288,0.3172,0.3029,0.2863,0.2674,0.2466,0.2239,0.1996,0.1739,0.1469,0.1188,0.0899,0.0603,0.0303,0.0000,-0.0304,-0.0606,-0.0904,-0.1198,-0.1483,-0.1759,-0.2023,-0.2273,-0.2507,-0.2723,-0.2919,-0.3092,-0.3240,-0.3362,-0.3455,-0.3517,-0.3545,-0.3539,-0.3495,-0.3412,-0.3287,-0.3119,-0.2906,-0.2646,-0.2337,-0.1978,-0.1566,-0.1100,-0.0578,0.0000},
{-0.0000,0.0863,0.1636,0.2321,0.2924,0.3448,0.3896,0.4271,0.4578,0.4819,0.4997,0.5116,0.5179,0.5188,0.5148,0.5059,0.4926,0.4752,0.4538,0.4289,0.4007,0.3694,0.3355,0.2990,0.2605,0.2200,0.1780,0.1347,0.0904,0.0454,0.0000,-0.0455,-0.0907,-0.1355,-0.1794,-0.2222,-0.2635,-0.3031,-0.3406,-0.3756,-0.4080,-0.4373,-0.4632,-0.4855,-0.5037,-0.5176,-0.5269,-0.5312,-0.5302,-0.5236,-0.5111,-0.4925,-0.4673,-0.4354,-0.3965,-0.3502,-0.2963,-0.2346,-0.1648,-0.0866,0.0000}
};
float winch_sc_pose37[2][61]=
{{-0.0000,-0.2117,-0.4027,-0.5735,-0.7245,-0.8563,-0.9696,-1.0650,-1.1432,-1.2047,-1.2504,-1.2809,-1.2970,-1.2994,-1.2889,-1.2662,-1.2322,-1.1875,-1.1331,-1.0696,-0.9978,-0.9187,-0.8328,-0.7411,-0.6443,-0.5432,-0.4386,-0.3312,-0.2218,-0.1111,0.0000,0.1109,0.2208,0.3290,0.4347,0.5373,0.6360,0.7301,0.8189,0.9018,0.9779,1.0467,1.1075,1.1594,1.2020,1.2343,1.2559,1.2659,1.2636,1.2483,1.2193,1.1758,1.1171,1.0424,0.9508,0.8416,0.7139,0.5668,0.3994,0.2108,-0.0000},
{0.0000,0.0706,0.1344,0.1913,0.2417,0.2857,0.3235,0.3554,0.3814,0.4020,0.4172,0.4274,0.4328,0.4336,0.4301,0.4225,0.4111,0.3962,0.3781,0.3569,0.3329,0.3065,0.2779,0.2473,0.2150,0.1812,0.1463,0.1105,0.0740,0.0371,-0.0000,-0.0370,-0.0737,-0.1098,-0.1450,-0.1793,-0.2122,-0.2436,-0.2732,-0.3009,-0.3263,-0.3493,-0.3695,-0.3869,-0.4011,-0.4119,-0.4191,-0.4224,-0.4216,-0.4165,-0.4069,-0.3923,-0.3727,-0.3478,-0.3172,-0.2808,-0.2382,-0.1891,-0.1333,-0.0703,-0.0000}
};
float winch_sc_pose38[2][61]=
{{-0.0000,0.1391,0.2636,0.3742,0.4715,0.5559,0.6282,0.6888,0.7383,0.7772,0.8060,0.8252,0.8354,0.8369,0.8303,0.8160,0.7945,0.7664,0.7319,0.6917,0.6462,0.5957,0.5409,0.4822,0.4199,0.3547,0.2869,0.2171,0.1457,0.0731,0.0000,-0.0733,-0.1462,-0.2182,-0.2889,-0.3578,-0.4243,-0.4879,-0.5481,-0.6045,-0.6565,-0.7036,-0.7452,-0.7809,-0.8102,-0.8325,-0.8474,-0.8543,-0.8527,-0.8422,-0.8222,-0.7922,-0.7518,-0.7006,-0.6380,-0.5636,-0.4769,-0.3777,-0.2653,-0.1396,-0.0000},
{0.0000,-0.2149,-0.4074,-0.5783,-0.7286,-0.8592,-0.9709,-1.0646,-1.1411,-1.2013,-1.2458,-1.2755,-1.2912,-1.2935,-1.2833,-1.2612,-1.2280,-1.1845,-1.1312,-1.0691,-0.9986,-0.9207,-0.8360,-0.7451,-0.6490,-0.5481,-0.4434,-0.3355,-0.2251,-0.1130,-0.0000,0.1132,0.2259,0.3372,0.4465,0.5529,0.6557,0.7540,0.8471,0.9343,1.0146,1.0874,1.1518,1.2070,1.2523,1.2868,1.3098,1.3204,1.3180,1.3017,1.2707,1.2244,1.1620,1.0828,0.9860,0.8710,0.7371,0.5836,0.4100,0.2157,-0.0000}
};
float winch_sc_pose39[2][61]=
{{0.0000,-0.0613,-0.1166,-0.1659,-0.2095,-0.2475,-0.2801,-0.3075,-0.3300,-0.3477,-0.3608,-0.3696,-0.3742,-0.3749,-0.3718,-0.3653,-0.3556,-0.3427,-0.3271,-0.3088,-0.2882,-0.2654,-0.2407,-0.2143,-0.1864,-0.1572,-0.1270,-0.0959,-0.0643,-0.0322,-0.0000,0.0322,0.0641,0.0955,0.1263,0.1561,0.1849,0.2123,0.2383,0.2625,0.2847,0.3049,0.3226,0.3378,0.3503,0.3598,0.3661,0.3690,0.3684,0.3639,0.3554,0.3426,0.3255,0.3036,0.2768,0.2449,0.2076,0.1647,0.1160,0.0612,0.0000},
{-0.0000,-0.0387,-0.0735,-0.1046,-0.1320,-0.1559,-0.1765,-0.1938,-0.2080,-0.2191,-0.2274,-0.2329,-0.2358,-0.2362,-0.2343,-0.2302,-0.2241,-0.2160,-0.2061,-0.1946,-0.1816,-0.1673,-0.1517,-0.1350,-0.1174,-0.0991,-0.0800,-0.0604,-0.0405,-0.0203,0.0000,0.0203,0.0404,0.0602,0.0796,0.0984,0.1165,0.1338,0.1502,0.1654,0.1794,0.1921,0.2033,0.2129,0.2208,0.2267,0.2307,0.2326,0.2321,0.2293,0.2240,0.2159,0.2051,0.1913,0.1744,0.1543,0.1308,0.1038,0.0731,0.0386,-0.0000}
};
float winch_sc_pose40[2][61]=
{{0.0000,-0.0785,-0.1489,-0.2116,-0.2668,-0.3149,-0.3561,-0.3907,-0.4190,-0.4413,-0.4578,-0.4688,-0.4746,-0.4755,-0.4717,-0.4635,-0.4512,-0.4351,-0.4154,-0.3924,-0.3664,-0.3376,-0.3064,-0.2729,-0.2376,-0.2005,-0.1621,-0.1225,-0.0822,-0.0412,-0.0000,0.0412,0.0822,0.1227,0.1623,0.2008,0.2380,0.2735,0.3071,0.3385,0.3675,0.3937,0.4168,0.4366,0.4529,0.4652,0.4735,0.4773,0.4764,0.4706,0.4595,0.4429,0.4205,0.3920,0.3572,0.3157,0.2674,0.2120,0.1491,0.0785,-0.0000},
{-0.0000,0.1413,0.2681,0.3810,0.4805,0.5671,0.6413,0.7036,0.7546,0.7947,0.8244,0.8442,0.8546,0.8562,0.8494,0.8347,0.8125,0.7835,0.7480,0.7066,0.6598,0.6080,0.5517,0.4915,0.4278,0.3611,0.2919,0.2207,0.1480,0.0742,0.0000,-0.0743,-0.1481,-0.2209,-0.2923,-0.3617,-0.4286,-0.4926,-0.5531,-0.6096,-0.6617,-0.7089,-0.7505,-0.7863,-0.8155,-0.8378,-0.8527,-0.8595,-0.8580,-0.8474,-0.8275,-0.7975,-0.7572,-0.7059,-0.6432,-0.5686,-0.4816,-0.3817,-0.2684,-0.1414,-0.0000}
};
float winch_sc_pose41[2][61]=
{{0.0000,0.1204,0.2286,0.3250,0.4100,0.4841,0.5476,0.6009,0.6446,0.6789,0.7044,0.7214,0.7304,0.7317,0.7258,0.7132,0.6942,0.6694,0.6390,0.6035,0.5634,0.5190,0.4709,0.4194,0.3649,0.3079,0.2488,0.1881,0.1261,0.0632,0.0000,-0.0632,-0.1260,-0.1879,-0.2486,-0.3075,-0.3643,-0.4186,-0.4699,-0.5178,-0.5619,-0.6018,-0.6371,-0.6673,-0.6921,-0.7109,-0.7235,-0.7293,-0.7279,-0.7190,-0.7022,-0.6769,-0.6427,-0.5993,-0.5462,-0.4830,-0.4092,-0.3245,-0.2283,-0.1203,0.0000},
{0.0000,-0.1167,-0.2216,-0.3151,-0.3975,-0.4694,-0.5309,-0.5827,-0.6250,-0.6583,-0.6830,-0.6995,-0.7082,-0.7095,-0.7038,-0.6916,-0.6732,-0.6490,-0.6196,-0.5852,-0.5463,-0.5033,-0.4566,-0.4066,-0.3538,-0.2986,-0.2413,-0.1824,-0.1222,-0.0613,0.0000,0.0613,0.1222,0.1822,0.2410,0.2981,0.3532,0.4059,0.4556,0.5021,0.5449,0.5836,0.6178,0.6471,0.6711,0.6893,0.7015,0.7071,0.7058,0.6972,0.6808,0.6563,0.6232,0.5811,0.5296,0.4683,0.3968,0.3146,0.2214,0.1167,0.0000}
};
float winch_sc_pose42[2][61]=
{{-0.0000,-0.1573,-0.2984,-0.4237,-0.5341,-0.6300,-0.7121,-0.7810,-0.8373,-0.8816,-0.9144,-0.9363,-0.9478,-0.9495,-0.9420,-0.9257,-0.9013,-0.8692,-0.8301,-0.7843,-0.7325,-0.6752,-0.6129,-0.5462,-0.4756,-0.4016,-0.3247,-0.2456,-0.1648,-0.0827,0.0000,0.0828,0.1652,0.2465,0.3263,0.4039,0.4788,0.5505,0.6183,0.6818,0.7403,0.7932,0.8400,0.8802,0.9131,0.9382,0.9549,0.9626,0.9608,0.9490,0.9265,0.8929,0.8475,0.7899,0.7194,0.6357,0.5382,0.4263,0.2996,0.1577,-0.0000},
{0.0000,0.1020,0.1935,0.2748,0.3463,0.4086,0.4618,0.5065,0.5431,0.5718,0.5931,0.6072,0.6147,0.6158,0.6110,0.6004,0.5846,0.5638,0.5383,0.5087,0.4751,0.4379,0.3975,0.3542,0.3084,0.2604,0.2106,0.1593,0.1069,0.0536,-0.0000,-0.0537,-0.1071,-0.1599,-0.2116,-0.2619,-0.3105,-0.3570,-0.4010,-0.4422,-0.4801,-0.5144,-0.5448,-0.5709,-0.5922,-0.6085,-0.6193,-0.6243,-0.6232,-0.6155,-0.6009,-0.5791,-0.5497,-0.5123,-0.4666,-0.4123,-0.3490,-0.2765,-0.1943,-0.1023,-0.0000}
};
float winch_sc_pose43[2][61]=
{{-0.0000,0.1433,0.2724,0.3877,0.4896,0.5785,0.6549,0.7191,0.7717,0.8131,0.8438,0.8644,0.8752,0.8768,0.8697,0.8545,0.8316,0.8016,0.7649,0.7222,0.6739,0.6206,0.5627,0.5009,0.4356,0.3673,0.2967,0.2241,0.1501,0.0752,0.0000,-0.0751,-0.1496,-0.2230,-0.2948,-0.3645,-0.4315,-0.4955,-0.5560,-0.6123,-0.6642,-0.7111,-0.7525,-0.7879,-0.8169,-0.8390,-0.8537,-0.8605,-0.8589,-0.8485,-0.8287,-0.7991,-0.7591,-0.7081,-0.6457,-0.5714,-0.4845,-0.3845,-0.2708,-0.1429,-0.0000},
{0.0000,-0.1262,-0.2399,-0.3415,-0.4313,-0.5096,-0.5768,-0.6334,-0.6797,-0.7162,-0.7433,-0.7613,-0.7709,-0.7723,-0.7661,-0.7526,-0.7325,-0.7060,-0.6737,-0.6361,-0.5935,-0.5466,-0.4956,-0.4412,-0.3836,-0.3235,-0.2613,-0.1974,-0.1322,-0.0663,-0.0000,0.0662,0.1318,0.1964,0.2596,0.3210,0.3801,0.4364,0.4897,0.5393,0.5850,0.6263,0.6628,0.6940,0.7195,0.7390,0.7519,0.7579,0.7566,0.7474,0.7300,0.7038,0.6686,0.6237,0.5688,0.5033,0.4267,0.3387,0.2385,0.1258,0.0000}
};
float winch_sc_pose44[2][61]=
{{0.0000,-0.0263,-0.0497,-0.0706,-0.0889,-0.1048,-0.1184,-0.1297,-0.1390,-0.1463,-0.1518,-0.1554,-0.1573,-0.1575,-0.1563,-0.1536,-0.1496,-0.1443,-0.1378,-0.1303,-0.1217,-0.1123,-0.1019,-0.0909,-0.0792,-0.0669,-0.0541,-0.0410,-0.0275,-0.0138,0.0000,0.0138,0.0276,0.0413,0.0546,0.0677,0.0803,0.0923,0.1038,0.1145,0.1243,0.1333,0.1412,0.1480,0.1535,0.1578,0.1606,0.1619,0.1616,0.1596,0.1558,0.1501,0.1424,0.1327,0.1208,0.1067,0.0903,0.0714,0.0502,0.0264,0.0000},
{0.0000,0.2185,0.4140,0.5874,0.7397,0.8720,0.9851,1.0799,1.1573,1.2181,1.2631,1.2931,1.3089,1.3113,1.3010,1.2787,1.2452,1.2011,1.1473,1.0844,1.0132,0.9343,0.8485,0.7565,0.6590,0.5568,0.4505,0.3409,0.2288,0.1149,0.0000,-0.1152,-0.2299,-0.3434,-0.4547,-0.5632,-0.6681,-0.7685,-0.8636,-0.9527,-1.0348,-1.1093,-1.1751,-1.2317,-1.2780,-1.3133,-1.3369,-1.3478,-1.3453,-1.3286,-1.2969,-1.2495,-1.1856,-1.1045,-1.0056,-0.8880,-0.7512,-0.5946,-0.4175,-0.2195,-0.0000}
};
float winch_sc_pose45[2][61]=
{{0.0000,0.0265,0.0504,0.0716,0.0903,0.1066,0.1206,0.1323,0.1419,0.1495,0.1551,0.1588,0.1608,0.1611,0.1598,0.1570,0.1528,0.1474,0.1407,0.1329,0.1241,0.1143,0.1037,0.0924,0.0804,0.0679,0.0549,0.0415,0.0278,0.0139,0.0000,-0.0140,-0.0278,-0.0415,-0.0549,-0.0679,-0.0805,-0.0925,-0.1038,-0.1144,-0.1242,-0.1330,-0.1408,-0.1475,-0.1530,-0.1572,-0.1599,-0.1612,-0.1609,-0.1590,-0.1552,-0.1496,-0.1421,-0.1324,-0.1207,-0.1067,-0.0904,-0.0717,-0.0504,-0.0266,0.0000},
{-0.0000,-0.2079,-0.3946,-0.5609,-0.7074,-0.8350,-0.9444,-1.0363,-1.1114,-1.1705,-1.2143,-1.2435,-1.2589,-1.2612,-1.2512,-1.2294,-1.1968,-1.1540,-1.1017,-1.0406,-0.9716,-0.8952,-0.8123,-0.7236,-0.6297,-0.5315,-0.4296,-0.3247,-0.2177,-0.1092,-0.0000,0.1092,0.2178,0.3248,0.4297,0.5317,0.6300,0.7240,0.8129,0.8959,0.9724,1.0415,1.1027,1.1551,1.1980,1.2307,1.2525,1.2626,1.2603,1.2448,1.2155,1.1716,1.1124,1.0372,0.9451,0.8356,0.7078,0.5611,0.3947,0.2079,-0.0000}
};
float winch_sc_pose46[2][61]=
{{-0.0000,-0.0899,-0.1708,-0.2429,-0.3066,-0.3621,-0.4097,-0.4497,-0.4824,-0.5082,-0.5273,-0.5401,-0.5468,-0.5478,-0.5434,-0.5340,-0.5197,-0.5010,-0.4782,-0.4516,-0.4215,-0.3883,-0.3522,-0.3136,-0.2728,-0.2301,-0.1859,-0.1405,-0.0942,-0.0472,-0.0000,0.0472,0.0940,0.1401,0.1853,0.2292,0.2714,0.3118,0.3499,0.3855,0.4182,0.4479,0.4740,0.4964,0.5148,0.5287,0.5380,0.5423,0.5413,0.5348,0.5222,0.5035,0.4782,0.4460,0.4066,0.3596,0.3048,0.2418,0.1702,0.0897,0.0000},
{-0.0000,0.2408,0.4574,0.6506,0.8211,0.9697,1.0973,1.2045,1.2923,1.3613,1.4125,1.4467,1.4648,1.4675,1.4557,1.4303,1.3921,1.3420,1.2809,1.2096,1.1290,1.0399,0.9433,0.8399,0.7307,0.6164,0.4980,0.3763,0.2522,0.1265,0.0000,-0.1263,-0.2517,-0.3753,-0.4963,-0.6138,-0.7270,-0.8351,-0.9372,-1.0325,-1.1203,-1.1996,-1.2697,-1.3297,-1.3788,-1.4163,-1.4412,-1.4527,-1.4501,-1.4324,-1.3989,-1.3486,-1.2808,-1.1946,-1.0890,-0.9633,-0.8165,-0.6477,-0.4559,-0.2404,0.0000}
};
float winch_sc_pose47[2][61]=
{{-0.0000,-0.0618,-0.1175,-0.1672,-0.2111,-0.2494,-0.2823,-0.3100,-0.3326,-0.3504,-0.3637,-0.3725,-0.3771,-0.3778,-0.3748,-0.3682,-0.3584,-0.3455,-0.3297,-0.3113,-0.2905,-0.2675,-0.2426,-0.2160,-0.1878,-0.1584,-0.1280,-0.0967,-0.0648,-0.0325,-0.0000,0.0324,0.0646,0.0963,0.1273,0.1574,0.1863,0.2140,0.2401,0.2645,0.2869,0.3072,0.3251,0.3404,0.3529,0.3625,0.3689,0.3718,0.3711,0.3666,0.3581,0.3452,0.3279,0.3059,0.2789,0.2468,0.2092,0.1660,0.1169,0.0617,0.0000},
{0.0000,-0.1773,-0.3370,-0.4796,-0.6055,-0.7154,-0.8097,-0.8891,-0.9540,-1.0051,-1.0431,-1.0684,-1.0818,-1.0838,-1.0750,-1.0562,-1.0279,-0.9909,-0.9456,-0.8928,-0.8332,-0.7673,-0.6958,-0.6194,-0.5387,-0.4544,-0.3670,-0.2773,-0.1857,-0.0931,0.0000,0.0930,0.1852,0.2761,0.3650,0.4513,0.5344,0.6137,0.6887,0.7586,0.8229,0.8810,0.9324,0.9763,1.0123,1.0397,1.0580,1.0664,1.0645,1.0516,1.0270,0.9902,0.9405,0.8774,0.8000,0.7078,0.6001,0.4762,0.3353,0.1769,0.0000}
};
float winch_sc_pose48[2][61]=
{{0.0000,0.0802,0.1520,0.2158,0.2718,0.3205,0.3621,0.3970,0.4255,0.4479,0.4645,0.4756,0.4814,0.4823,0.4785,0.4703,0.4579,0.4417,0.4219,0.3987,0.3725,0.3434,0.3118,0.2780,0.2421,0.2045,0.1655,0.1252,0.0840,0.0422,-0.0000,-0.0423,-0.0843,-0.1259,-0.1668,-0.2065,-0.2449,-0.2817,-0.3165,-0.3491,-0.3792,-0.4064,-0.4305,-0.4511,-0.4681,-0.4810,-0.4896,-0.4936,-0.4927,-0.4866,-0.4750,-0.4577,-0.4343,-0.4047,-0.3685,-0.3254,-0.2754,-0.2180,-0.1531,-0.0805,-0.0000},
{-0.0000,0.1192,0.2259,0.3207,0.4040,0.4763,0.5382,0.5901,0.6325,0.6658,0.6904,0.7069,0.7155,0.7168,0.7112,0.6990,0.6806,0.6565,0.6270,0.5926,0.5536,0.5104,0.4635,0.4131,0.3598,0.3040,0.2459,0.1861,0.1249,0.0627,-0.0000,-0.0628,-0.1254,-0.1872,-0.2478,-0.3069,-0.3640,-0.4187,-0.4704,-0.5189,-0.5635,-0.6040,-0.6398,-0.6705,-0.6957,-0.7149,-0.7277,-0.7336,-0.7323,-0.7232,-0.7060,-0.6802,-0.6455,-0.6014,-0.5476,-0.4837,-0.4093,-0.3240,-0.2276,-0.1197,-0.0000}
};
float winch_sc_pose49[2][61]=
{{-0.0000,0.0061,0.0116,0.0164,0.0207,0.0245,0.0277,0.0304,0.0326,0.0344,0.0357,0.0365,0.0370,0.0371,0.0368,0.0361,0.0352,0.0339,0.0324,0.0306,0.0285,0.0263,0.0238,0.0212,0.0185,0.0156,0.0126,0.0095,0.0064,0.0032,-0.0000,-0.0032,-0.0064,-0.0095,-0.0125,-0.0155,-0.0184,-0.0211,-0.0237,-0.0261,-0.0283,-0.0304,-0.0321,-0.0336,-0.0349,-0.0358,-0.0365,-0.0368,-0.0367,-0.0363,-0.0354,-0.0341,-0.0324,-0.0302,-0.0276,-0.0244,-0.0207,-0.0164,-0.0115,-0.0061,-0.0000},
{0.0000,-0.0060,-0.0114,-0.0162,-0.0205,-0.0242,-0.0274,-0.0300,-0.0322,-0.0339,-0.0352,-0.0361,-0.0365,-0.0366,-0.0363,-0.0356,-0.0347,-0.0335,-0.0319,-0.0302,-0.0281,-0.0259,-0.0235,-0.0209,-0.0182,-0.0154,-0.0124,-0.0094,-0.0063,-0.0032,0.0000,0.0032,0.0063,0.0094,0.0124,0.0153,0.0181,0.0208,0.0234,0.0258,0.0280,0.0300,0.0317,0.0332,0.0344,0.0354,0.0360,0.0363,0.0362,0.0358,0.0349,0.0337,0.0320,0.0298,0.0272,0.0241,0.0204,0.0162,0.0114,0.0060,0.0000}
};
