float winch_sc_pose1[2][61]=
{{0.0000,0.0704,0.1331,0.1883,0.2358,0.2760,0.3089,0.3345,0.3531,0.3648,0.3704,0.3687,0.3608,0.3472,0.3272,0.3017,0.2703,0.2344,0.1937,0.1486,0.0994,0.0463,-0.0103,-0.0700,-0.1324,-0.1973,-0.2644,-0.3331,-0.4033,-0.4742,-0.5454,-0.6159,-0.6853,-0.7571,-0.8245,-0.8945,-0.9587,-1.0215,-1.0824,-1.1402,-1.1946,-1.2451,-1.2915,-1.3333,-1.3703,-1.4020,-1.4282,-1.4486,-1.4628,-1.4707,-1.4719,-1.4664,-1.4538,-1.4340,-1.4069,-1.3725,-1.3305,-1.2810,-1.2246,-1.1598,-1.0884},
{0.0000,-0.0199,-0.0375,-0.0533,-0.0665,-0.0778,-0.0870,-0.0941,-0.0993,-0.1025,-0.1061,-0.1055,-0.1030,-0.1002,-0.0943,-0.0868,-0.0763,-0.0660,-0.0545,-0.0417,-0.0278,-0.0129,0.0029,0.0196,0.0370,0.0549,0.0740,0.0936,0.1139,0.1339,0.1532,0.1697,0.1829,0.2074,0.2191,0.2458,0.2573,0.2715,0.2877,0.3031,0.3176,0.3311,0.3434,0.3546,0.3644,0.3729,0.3799,0.3854,0.3892,0.3913,0.3917,0.3903,0.3870,0.3818,0.3746,0.3655,0.3543,0.3412,0.3284,0.3101,0.2930}
};
float winch_sc_pose2[2][61]=
{{-1.0884,-1.0806,-1.0738,-1.0681,-1.0630,-1.0590,-1.0558,-1.0534,-1.0518,-1.0509,-1.0507,-1.0513,-1.0525,-1.0543,-1.0567,-1.0597,-1.0633,-1.0673,-1.0718,-1.0767,-1.0819,-1.0875,-1.0934,-1.0995,-1.1057,-1.1120,-1.1183,-1.1245,-1.1307,-1.1367,-1.1424,-1.1480,-1.1536,-1.1593,-1.1649,-1.1704,-1.1756,-1.1807,-1.1855,-1.1901,-1.1943,-1.1983,-1.2019,-1.2051,-1.2079,-1.2103,-1.2123,-1.2139,-1.2149,-1.2155,-1.2155,-1.2151,-1.2141,-1.2125,-1.2104,-1.2077,-1.2044,-1.2005,-1.1960,-1.1910,-1.1853},
{0.2930,0.3793,0.4566,0.5254,0.5844,0.6346,0.6760,0.7085,0.7324,0.7478,0.7549,0.7539,0.7452,0.7290,0.7056,0.6754,0.6387,0.5958,0.5472,0.4932,0.4343,0.3709,0.3034,0.2322,0.1579,0.0808,0.0015,-0.0797,-0.1621,-0.2455,-0.3293,-0.4132,-0.4974,-0.5813,-0.6639,-0.7446,-0.8230,-0.8986,-0.9710,-1.0397,-1.1042,-1.1642,-1.2192,-1.2688,-1.3126,-1.3502,-1.3813,-1.4055,-1.4225,-1.4320,-1.4336,-1.4273,-1.4126,-1.3894,-1.3575,-1.3168,-1.2672,-1.2085,-1.1407,-1.0638,-0.9778}
};
float winch_sc_pose3[2][61]=
{{-1.1853,-1.2323,-1.2743,-1.3114,-1.3435,-1.3707,-1.3930,-1.4104,-1.4231,-1.4311,-1.4346,-1.4336,-1.4283,-1.4189,-1.4056,-1.3884,-1.3677,-1.3436,-1.3163,-1.2860,-1.2530,-1.2175,-1.1797,-1.1400,-1.0984,-1.0553,-1.0130,-0.9669,-0.9213,-0.8743,-0.8262,-0.7775,-0.7286,-0.6801,-0.6325,-0.5863,-0.5422,-0.5007,-0.4616,-0.4241,-0.3878,-0.3552,-0.3304,-0.3075,-0.2833,-0.2625,-0.2452,-0.2317,-0.2222,-0.2169,-0.2158,-0.2142,-0.2212,-0.2282,-0.2385,-0.2639,-0.2958,-0.3319,-0.3755,-0.4177,-0.4649},
{-0.9778,-1.1023,-1.2137,-1.3119,-1.3970,-1.4690,-1.5280,-1.5743,-1.6079,-1.6292,-1.6384,-1.6360,-1.6221,-1.5974,-1.5622,-1.5170,-1.4623,-1.3987,-1.3268,-1.2470,-1.1600,-1.0665,-0.9670,-0.8622,-0.7528,-0.6393,-0.5265,-0.4062,-0.2878,-0.1675,-0.0459,0.0763,0.1984,0.3199,0.4399,0.5576,0.6724,0.7833,0.8894,0.9896,1.0832,1.1705,1.2517,1.3246,1.3878,1.4422,1.4872,1.5222,1.5469,1.5607,1.5633,1.5536,1.5324,1.4982,1.4510,1.3927,1.3218,1.2379,1.1420,1.0311,0.9069}
};
float winch_sc_pose4[2][61]=
{{-0.4649,-0.4244,-0.3866,-0.3459,-0.3194,-0.2931,-0.2730,-0.2601,-0.2521,-0.2459,-0.2459,-0.2520,-0.2486,-0.2572,-0.2764,-0.2913,-0.3092,-0.3220,-0.3465,-0.3688,-0.3969,-0.4276,-0.4594,-0.4928,-0.5317,-0.5698,-0.6075,-0.6489,-0.6909,-0.7332,-0.7752,-0.8166,-0.8569,-0.8979,-0.9333,-0.9711,-1.0078,-1.0433,-1.0772,-1.1093,-1.1396,-1.1676,-1.1934,-1.2166,-1.2371,-1.2547,-1.2692,-1.2806,-1.2885,-1.2930,-1.2938,-1.2909,-1.2841,-1.2733,-1.2585,-1.2395,-1.2164,-1.1891,-1.1576,-1.1218,-1.0819},
{0.9069,1.0297,1.1389,1.2331,1.3175,1.3879,1.4460,1.4920,1.5255,1.5465,1.5560,1.5544,1.5394,1.5150,1.4817,1.4372,1.3833,1.3187,1.2478,1.1677,1.0813,0.9884,0.8891,0.7839,0.6763,0.5634,0.4448,0.3263,0.2063,0.0856,-0.0352,-0.1555,-0.2746,-0.3964,-0.5069,-0.6220,-0.7341,-0.8422,-0.9457,-1.0439,-1.1362,-1.2221,-1.3008,-1.3718,-1.4345,-1.4885,-1.5331,-1.5678,-1.5922,-1.6059,-1.6083,-1.5993,-1.5784,-1.5453,-1.4998,-1.4417,-1.3707,-1.2869,-1.1901,-1.0803,-0.9575}
};
float winch_sc_pose5[2][61]=
{{-1.0819,-1.1954,-1.2968,-1.3861,-1.4634,-1.5286,-1.5820,-1.6236,-1.6538,-1.6726,-1.6805,-1.6777,-1.6645,-1.6414,-1.6088,-1.5671,-1.5169,-1.4585,-1.3925,-1.3195,-1.2400,-1.1546,-1.0639,-0.9684,-0.8687,-0.7654,-0.6592,-0.5558,-0.4430,-0.3289,-0.2135,-0.0985,0.0168,0.1296,0.2487,0.3671,0.4744,0.5775,0.6759,0.7690,0.8562,0.9371,1.0110,1.0775,1.1361,1.1862,1.2274,1.2593,1.2814,1.2933,1.2947,1.2852,1.2645,1.2323,1.1885,1.1327,1.0648,0.9847,0.8924,0.7877,0.6708},
{-0.9575,-1.1007,-1.2286,-1.3413,-1.4388,-1.5211,-1.5884,-1.6410,-1.6791,-1.7030,-1.7131,-1.7097,-1.6933,-1.6644,-1.6235,-1.5711,-1.5079,-1.4345,-1.3516,-1.2598,-1.1597,-1.0522,-0.9378,-0.8174,-0.6917,-0.5614,-0.4272,-0.2998,-0.1585,-0.0163,0.1281,0.2729,0.4168,0.5592,0.7020,0.8437,0.9783,1.1080,1.2320,1.3496,1.4599,1.5625,1.6564,1.7411,1.8159,1.8801,1.9332,1.9744,2.0034,2.0195,2.0222,2.0112,1.9859,1.9462,1.8916,1.8218,1.7368,1.6364,1.5204,1.3889,1.2419}
};
float winch_sc_pose6[2][61]=
{{0.6708,0.6837,0.6952,0.7054,0.7142,0.7217,0.7279,0.7327,0.7363,0.7386,0.7396,0.7395,0.7382,0.7358,0.7323,0.7277,0.7222,0.7158,0.7085,0.7004,0.6916,0.6820,0.6718,0.6611,0.6498,0.6382,0.6261,0.6138,0.6013,0.5886,0.5758,0.5630,0.5503,0.5377,0.5253,0.5132,0.5015,0.4902,0.4793,0.4691,0.4594,0.4505,0.4422,0.4348,0.4283,0.4227,0.4181,0.4145,0.4120,0.4107,0.4105,0.4115,0.4138,0.4173,0.4222,0.4284,0.4359,0.4448,0.4551,0.4667,0.4798},
{1.2419,1.2740,1.3027,1.3281,1.3500,1.3685,1.3838,1.3957,1.4044,1.4099,1.4123,1.4117,1.4081,1.4018,1.3927,1.3811,1.3670,1.3506,1.3320,1.3114,1.2889,1.2646,1.2389,1.2117,1.1833,1.1538,1.1235,1.0925,1.0609,1.0290,0.9969,0.9649,0.9330,0.9016,0.8706,0.8404,0.8111,0.7829,0.7559,0.7303,0.7063,0.6840,0.6636,0.6452,0.6290,0.6151,0.6036,0.5947,0.5885,0.5850,0.5845,0.5869,0.5924,0.6010,0.6129,0.6280,0.6465,0.6682,0.6934,0.7220,0.7539}
};
float winch_sc_pose7[2][61]=
{{0.4798,0.5357,0.5857,0.6299,0.6681,0.7005,0.7271,0.7479,0.7632,0.7729,0.7772,0.7764,0.7705,0.7597,0.7442,0.7242,0.7000,0.6717,0.6397,0.6041,0.5652,0.5233,0.4788,0.4317,0.3825,0.3314,0.2788,0.2235,0.1661,0.1073,0.0486,-0.0073,-0.0625,-0.1173,-0.1707,-0.2232,-0.2770,-0.3224,-0.3683,-0.4126,-0.4563,-0.4922,-0.5275,-0.5599,-0.5887,-0.6126,-0.6323,-0.6476,-0.6577,-0.6637,-0.6646,-0.6604,-0.6509,-0.6359,-0.6154,-0.5892,-0.5574,-0.5197,-0.4762,-0.4267,-0.3694},
{0.7539,0.7899,0.8222,0.8506,0.8753,0.8961,0.9132,0.9267,0.9365,0.9428,0.9456,0.9450,0.9412,0.9342,0.9242,0.9113,0.8957,0.8774,0.8567,0.8337,0.8086,0.7815,0.7526,0.7221,0.6902,0.6570,0.6229,0.5873,0.5509,0.5144,0.4785,0.4433,0.4084,0.3741,0.3403,0.3077,0.2791,0.2451,0.2147,0.1869,0.1667,0.1351,0.1126,0.0955,0.0837,0.0687,0.0564,0.0468,0.0304,0.0265,0.0245,0.0267,0.0327,0.0422,0.0552,0.0719,0.0932,0.1172,0.1448,0.1759,0.2075}
};
float winch_sc_pose8[2][61]=
{{-0.3694,-0.3822,-0.3944,-0.4043,-0.4125,-0.4200,-0.4267,-0.4314,-0.4348,-0.4369,-0.4378,-0.4376,-0.4362,-0.4338,-0.4303,-0.4259,-0.4204,-0.4140,-0.4063,-0.3984,-0.3902,-0.3808,-0.3702,-0.3606,-0.3500,-0.3388,-0.3244,-0.3188,-0.3069,-0.2949,-0.2828,-0.2706,-0.2586,-0.2425,-0.2289,-0.2170,-0.2055,-0.1942,-0.1836,-0.1728,-0.1631,-0.1542,-0.1461,-0.1405,-0.1332,-0.1271,-0.1221,-0.1182,-0.1156,-0.1143,-0.1143,-0.1156,-0.1183,-0.1223,-0.1284,-0.1348,-0.1400,-0.1490,-0.1588,-0.1701,-0.1827},
{0.2075,0.1790,0.1554,0.1329,0.1120,0.0959,0.0860,0.0756,0.0683,0.0634,0.0612,0.0617,0.0648,0.0703,0.0783,0.0886,0.1008,0.1151,0.1300,0.1486,0.1696,0.1909,0.2125,0.2380,0.2636,0.2898,0.3137,0.3474,0.3752,0.4033,0.4315,0.4598,0.4879,0.5137,0.5404,0.5673,0.5933,0.6183,0.6424,0.6650,0.6864,0.7063,0.7245,0.7413,0.7556,0.7680,0.7781,0.7861,0.7916,0.7947,0.7953,0.7931,0.7883,0.7806,0.7703,0.7568,0.7399,0.7205,0.6980,0.6726,0.6441}
};
float winch_sc_pose9[2][61]=
{{-0.1827,-0.1415,-0.0989,-0.0637,-0.0288,0.0031,0.0257,0.0420,0.0538,0.0553,0.0588,0.0584,0.0561,0.0481,0.0359,0.0200,-0.0040,-0.0258,-0.0514,-0.0791,-0.1026,-0.1450,-0.1818,-0.2195,-0.2631,-0.2991,-0.3396,-0.3794,-0.4205,-0.4633,-0.5061,-0.5440,-0.5864,-0.6287,-0.6666,-0.7080,-0.7482,-0.7869,-0.8240,-0.8591,-0.8921,-0.9227,-0.9507,-0.9760,-0.9983,-1.0175,-1.0333,-1.0456,-1.0542,-1.0589,-1.0597,-1.0564,-1.0489,-1.0371,-1.0208,-1.0002,-0.9749,-0.9452,-0.9106,-0.8718,-0.8299},
{0.6441,0.6698,0.6918,0.7118,0.7290,0.7441,0.7567,0.7665,0.7737,0.7777,0.7796,0.7792,0.7765,0.7714,0.7640,0.7545,0.7429,0.7297,0.7147,0.6981,0.6789,0.6611,0.6411,0.6200,0.6000,0.5754,0.5516,0.5261,0.5002,0.4749,0.4493,0.4172,0.3905,0.3642,0.3310,0.3061,0.2820,0.2588,0.2367,0.2157,0.1961,0.1778,0.1612,0.1462,0.1330,0.1217,0.1125,0.1053,0.1004,0.0977,0.0974,0.0996,0.1043,0.1116,0.1215,0.1345,0.1495,0.1687,0.1886,0.2135,0.2459}
};
float winch_sc_pose10[2][61]=
{{-0.8300,-0.8614,-0.8900,-0.9169,-0.9378,-0.9568,-0.9723,-0.9845,-0.9935,-0.9992,-1.0017,-1.0012,-0.9977,-0.9913,-0.9822,-0.9704,-0.9579,-0.9396,-0.9213,-0.9026,-0.8790,-0.8554,-0.8289,-0.8004,-0.7734,-0.7433,-0.7119,-0.6795,-0.6473,-0.6148,-0.5818,-0.5487,-0.5158,-0.4834,-0.4516,-0.4206,-0.3905,-0.3616,-0.3339,-0.3077,-0.2831,-0.2603,-0.2394,-0.2205,-0.2039,-0.1896,-0.1778,-0.1687,-0.1622,-0.1586,-0.1580,-0.1604,-0.1660,-0.1747,-0.1868,-0.2021,-0.2209,-0.2431,-0.2687,-0.2980,-0.3308},
{0.2461,0.2723,0.2977,0.3252,0.3422,0.3600,0.3747,0.3862,0.3946,0.4000,0.4024,0.4019,0.3987,0.3927,0.3842,0.3731,0.3643,0.3442,0.3281,0.3148,0.2914,0.2714,0.2461,0.2172,0.1980,0.1703,0.1400,0.1070,0.0774,0.0489,0.0193,-0.0117,-0.0428,-0.0745,-0.1052,-0.1350,-0.1638,-0.1915,-0.2179,-0.2430,-0.2665,-0.2883,-0.3082,-0.3261,-0.3420,-0.3556,-0.3668,-0.3755,-0.3816,-0.3850,-0.3856,-0.3833,-0.3780,-0.3696,-0.3581,-0.3433,-0.3253,-0.3040,-0.2793,-0.2513,-0.2199}
};
float winch_sc_pose11[2][61]=
{{-0.3308,-0.3561,-0.3788,-0.3913,-0.4151,-0.4307,-0.4423,-0.4490,-0.4584,-0.4582,-0.4570,-0.4594,-0.4515,-0.4559,-0.4436,-0.4403,-0.4289,-0.4129,-0.4016,-0.3857,-0.3679,-0.3488,-0.3284,-0.3069,-0.2844,-0.2611,-0.2371,-0.2126,-0.1877,-0.1626,-0.1371,-0.1114,-0.0859,-0.0603,-0.0345,-0.0099,0.0130,0.0351,0.0575,0.0917,0.1060,0.1180,0.1468,0.1620,0.1648,0.1750,0.1870,0.2033,0.2083,0.2109,0.2112,0.2090,0.2043,0.1970,0.1870,0.1743,0.1588,0.1406,0.1094,0.0877,0.0578},
{-0.2199,-0.2824,-0.3383,-0.3798,-0.4293,-0.4663,-0.4955,-0.5163,-0.5354,-0.5424,-0.5445,-0.5457,-0.5346,-0.5301,-0.5081,-0.4906,-0.4630,-0.4282,-0.3953,-0.3557,-0.3119,-0.2647,-0.2145,-0.1615,-0.1061,-0.0487,0.0106,0.0712,0.1329,0.1953,0.2579,0.3206,0.3830,0.4447,0.5054,0.5649,0.6226,0.6783,0.7316,0.7837,0.8307,0.8741,0.9166,0.9532,0.9836,1.0111,1.0345,1.0541,1.0665,1.0734,1.0746,1.0698,1.0589,1.0417,1.0181,0.9881,0.9514,0.9081,0.8566,0.8004,0.7370}
};
float winch_sc_pose12[2][61]=
{{0.0579,0.1428,0.2191,0.2815,0.3355,0.3812,0.4188,0.4483,0.4699,0.4837,0.4900,0.4890,0.4809,0.4659,0.4443,0.4164,0.3825,0.3428,0.2978,0.2318,0.1724,0.1141,0.0507,-0.0147,-0.0830,-0.1587,-0.2268,-0.3001,-0.3768,-0.4542,-0.5321,-0.6103,-0.6873,-0.7642,-0.8369,-0.9069,-0.9772,-1.0451,-1.1101,-1.1718,-1.2299,-1.2839,-1.3335,-1.3782,-1.4178,-1.4518,-1.4799,-1.5019,-1.5174,-1.5260,-1.5277,-1.5220,-1.5089,-1.4882,-1.4596,-1.4230,-1.3784,-1.3257,-1.2649,-1.1959,-1.1188},
{0.7370,0.8282,0.9107,0.9825,1.0446,1.0972,1.1403,1.1740,1.1986,1.2142,1.2211,1.2194,1.2095,1.1917,1.1662,1.1334,1.0936,1.0472,0.9946,0.9319,0.8678,0.8002,0.7282,0.6524,0.5733,0.4928,0.4066,0.3187,0.2303,0.1409,0.0492,-0.0386,-0.1247,-0.2144,-0.2933,-0.3702,-0.4513,-0.5295,-0.6044,-0.6755,-0.7423,-0.8044,-0.8613,-0.9127,-0.9581,-0.9970,-1.0292,-1.0543,-1.0719,-1.0817,-1.0834,-1.0768,-1.0615,-1.0374,-1.0044,-0.9622,-0.9107,-0.8499,-0.7798,-0.7002,-0.6114}
};
float winch_sc_pose13[2][61]=
{{-1.1188,-1.1302,-1.1403,-1.1492,-1.1570,-1.1635,-1.1689,-1.1731,-1.1761,-1.1780,-1.1789,-1.1786,-1.1773,-1.1751,-1.1718,-1.1677,-1.1627,-1.1568,-1.1502,-1.1429,-1.1349,-1.1262,-1.1171,-1.1074,-1.0973,-1.0868,-1.0760,-1.0650,-1.0538,-1.0424,-1.0310,-1.0196,-1.0082,-0.9970,-0.9860,-0.9752,-0.9648,-0.9547,-0.9451,-0.9360,-0.9274,-0.9195,-0.9122,-0.9056,-0.8999,-0.8949,-0.8908,-0.8876,-0.8854,-0.8841,-0.8839,-0.8847,-0.8867,-0.8897,-0.8939,-0.8992,-0.9057,-0.9134,-0.9223,-0.9324,-0.9437},
{-0.6114,-0.6218,-0.6311,-0.6393,-0.6464,-0.6524,-0.6573,-0.6612,-0.6640,-0.6657,-0.6665,-0.6663,-0.6651,-0.6630,-0.6601,-0.6563,-0.6517,-0.6463,-0.6403,-0.6336,-0.6262,-0.6183,-0.6099,-0.6011,-0.5918,-0.5822,-0.5723,-0.5622,-0.5519,-0.5415,-0.5310,-0.5205,-0.5101,-0.4999,-0.4898,-0.4799,-0.4703,-0.4611,-0.4523,-0.4439,-0.4360,-0.4287,-0.4221,-0.4160,-0.4107,-0.4062,-0.4024,-0.3995,-0.3974,-0.3963,-0.3961,-0.3969,-0.3987,-0.4015,-0.4053,-0.4102,-0.4162,-0.4233,-0.4315,-0.4408,-0.4511}
};
float winch_sc_pose14[2][61]=
{{-0.9437,-1.0238,-1.0955,-1.1587,-1.2134,-1.2598,-1.2978,-1.3275,-1.3491,-1.3628,-1.3688,-1.3672,-1.3583,-1.3423,-1.3197,-1.2906,-1.2554,-1.2144,-1.1681,-1.1167,-1.0607,-1.0005,-0.9365,-0.8691,-0.8020,-0.7288,-0.6532,-0.5754,-0.4957,-0.4144,-0.3310,-0.2532,-0.1721,-0.0927,-0.0144,0.0621,0.1454,0.2149,0.2922,0.3576,0.4190,0.4759,0.5279,0.5748,0.6160,0.6513,0.6804,0.7029,0.7185,0.7270,0.7281,0.7216,0.7073,0.6848,0.6542,0.6152,0.5677,0.5115,0.4467,0.3732,0.2910},
{-0.4511,-0.5324,-0.6051,-0.6692,-0.7248,-0.7718,-0.8103,-0.8406,-0.8626,-0.8765,-0.8827,-0.8812,-0.8723,-0.8563,-0.8334,-0.8041,-0.7685,-0.7272,-0.6803,-0.6283,-0.5716,-0.5106,-0.4457,-0.3773,-0.3145,-0.2415,-0.1664,-0.0890,-0.0131,0.0709,0.1504,0.2395,0.3212,0.4026,0.4825,0.5606,0.6385,0.7116,0.7854,0.8528,0.9160,0.9746,1.0282,1.0765,1.1190,1.1555,1.1856,1.2090,1.2253,1.2343,1.2358,1.2294,1.2150,1.1923,1.1612,1.1215,1.0731,1.0158,0.9498,0.8748,0.7909}
};
float winch_sc_pose15[2][61]=
{{0.2910,0.3946,0.4871,0.5687,0.6393,0.6990,0.7480,0.7865,0.8145,0.8323,0.8402,0.8385,0.8274,0.8072,0.7785,0.7415,0.6966,0.6442,0.5849,0.5191,0.4472,0.3698,0.2873,0.2003,0.1094,0.0132,-0.0945,-0.1978,-0.3052,-0.4119,-0.5154,-0.6191,-0.7223,-0.8244,-0.9249,-1.0231,-1.1186,-1.2108,-1.2985,-1.3751,-1.4532,-1.5235,-1.5784,-1.6398,-1.6941,-1.7408,-1.7795,-1.8097,-1.8311,-1.8432,-1.8458,-1.8384,-1.8209,-1.7929,-1.7542,-1.7047,-1.6443,-1.5729,-1.4903,-1.3966,-1.2919},
{0.7909,0.7857,0.7812,0.7772,0.7737,0.7708,0.7685,0.7667,0.7654,0.7646,0.7643,0.7645,0.7652,0.7664,0.7679,0.7699,0.7722,0.7748,0.7778,0.7811,0.7846,0.7883,0.7922,0.7962,0.8003,0.8045,0.8101,0.8168,0.8253,0.8342,0.8416,0.8490,0.8562,0.8633,0.8702,0.8768,0.8832,0.8893,0.8943,0.8884,0.8918,0.8905,0.8716,0.8752,0.8784,0.8813,0.8839,0.8860,0.8877,0.8889,0.8896,0.8898,0.8895,0.8885,0.8870,0.8850,0.8824,0.8792,0.8754,0.8711,0.8663}
};
float winch_sc_pose16[2][61]=
{{-1.2919,-1.3202,-1.3456,-1.3679,-1.3872,-1.4036,-1.4170,-1.4274,-1.4350,-1.4398,-1.4418,-1.4412,-1.4379,-1.4322,-1.4241,-1.4137,-1.4011,-1.3865,-1.3699,-1.3516,-1.3316,-1.3101,-1.2872,-1.2631,-1.2379,-1.2118,-1.1850,-1.1575,-1.1298,-1.1014,-1.0736,-1.0455,-1.0173,-0.9892,-0.9615,-0.9342,-0.9077,-0.8822,-0.8577,-0.8345,-0.8128,-0.7924,-0.7737,-0.7569,-0.7420,-0.7293,-0.7187,-0.7105,-0.7047,-0.7015,-0.7009,-0.7031,-0.7063,-0.7151,-0.7257,-0.7369,-0.7531,-0.7726,-0.7953,-0.8215,-0.8511},
{0.8663,0.9392,1.0043,1.0618,1.1115,1.1536,1.1881,1.2151,1.2347,1.2472,1.2526,1.2511,1.2431,1.2286,1.2080,1.1816,1.1497,1.1124,1.0703,1.0236,0.9726,0.9178,0.8594,0.7979,0.7337,0.6671,0.5986,0.5284,0.4578,0.3853,0.3146,0.2440,0.1731,0.1031,0.0353,-0.0332,-0.0999,-0.1638,-0.2247,-0.2828,-0.3372,-0.3874,-0.4335,-0.4751,-0.5119,-0.5434,-0.5694,-0.5896,-0.6037,-0.6114,-0.6126,-0.6071,-0.5924,-0.5737,-0.5464,-0.5082,-0.4648,-0.4136,-0.3545,-0.2876,-0.2131}
};
float winch_sc_pose17[2][61]=
{{-0.8511,-0.8658,-0.8765,-0.8871,-0.8963,-0.9053,-0.9106,-0.9153,-0.9189,-0.9225,-0.9221,-0.9218,-0.9203,-0.9189,-0.9138,-0.9105,-0.9044,-0.8975,-0.8896,-0.8809,-0.8713,-0.8601,-0.8493,-0.8378,-0.8259,-0.8135,-0.8007,-0.7887,-0.7753,-0.7618,-0.7480,-0.7343,-0.7208,-0.7074,-0.6943,-0.6814,-0.6688,-0.6563,-0.6448,-0.6339,-0.6237,-0.6141,-0.6054,-0.5976,-0.5906,-0.5847,-0.5798,-0.5760,-0.5733,-0.5718,-0.5716,-0.5726,-0.5749,-0.5786,-0.5837,-0.5901,-0.5980,-0.6073,-0.6180,-0.6301,-0.6437},
{-0.2131,-0.2262,-0.2288,-0.2353,-0.2409,-0.2506,-0.2507,-0.2526,-0.2547,-0.2609,-0.2567,-0.2565,-0.2555,-0.2585,-0.2515,-0.2543,-0.2499,-0.2457,-0.2406,-0.2350,-0.2289,-0.2184,-0.2118,-0.2047,-0.1973,-0.1897,-0.1817,-0.1788,-0.1702,-0.1618,-0.1524,-0.1434,-0.1350,-0.1269,-0.1188,-0.1106,-0.1023,-0.0916,-0.0844,-0.0776,-0.0711,-0.0651,-0.0596,-0.0546,-0.0503,-0.0465,-0.0434,-0.0410,-0.0394,-0.0385,-0.0383,-0.0390,-0.0406,-0.0430,-0.0462,-0.0504,-0.0554,-0.0613,-0.0682,-0.0759,-0.0845}
};
float winch_sc_pose18[2][61]=
{{-0.6437,-0.7265,-0.8015,-0.8672,-0.9202,-0.9679,-1.0070,-1.0376,-1.0600,-1.0742,-1.0804,-1.0790,-1.0700,-1.0559,-1.0308,-1.0060,-0.9651,-0.9275,-0.8798,-0.8266,-0.7687,-0.7063,-0.6402,-0.5694,-0.4961,-0.4204,-0.3442,-0.2634,-0.1824,-0.0984,-0.0136,0.0719,0.1586,0.2464,0.3276,0.4068,0.4836,0.5576,0.6283,0.6954,0.7583,0.8166,0.8700,0.9182,0.9606,0.9970,1.0270,1.0502,1.0664,1.0753,1.0766,1.0701,1.0555,1.0326,1.0012,0.9613,0.9126,0.8551,0.7887,0.7133,0.6290},
{-0.0845,-0.1426,-0.1984,-0.2456,-0.2733,-0.3073,-0.3351,-0.3569,-0.3728,-0.3830,-0.3874,-0.3864,-0.3800,-0.3747,-0.3521,-0.3462,-0.3054,-0.2900,-0.2564,-0.2183,-0.1772,-0.1329,-0.0885,-0.0339,0.0208,0.0766,0.1375,0.1918,0.2499,0.3081,0.3678,0.4284,0.4901,0.5529,0.6127,0.6711,0.7276,0.7820,0.8340,0.8832,0.9293,0.9721,1.0112,1.0465,1.0775,1.1041,1.1261,1.1431,1.1549,1.1614,1.1624,1.1576,1.1469,1.1302,1.1073,1.0782,1.0426,1.0007,0.9522,0.8972,0.8357}
};
float winch_sc_pose19[2][61]=
{{0.6290,0.7054,0.7737,0.8339,0.8861,0.9303,0.9666,0.9951,1.0159,1.0292,1.0352,1.0340,1.0260,1.0113,0.9902,0.9630,0.9300,0.8915,0.8478,0.7993,0.7464,0.6893,0.6285,0.5644,0.4973,0.4276,0.3558,0.2756,0.2027,0.1241,0.0467,-0.0297,-0.1050,-0.1809,-0.2518,-0.3239,-0.3917,-0.4571,-0.5206,-0.5810,-0.6376,-0.6901,-0.7378,-0.7809,-0.8186,-0.8503,-0.8741,-0.9001,-0.9149,-0.9230,-0.9190,-0.9134,-0.9058,-0.8825,-0.8547,-0.8192,-0.7775,-0.7275,-0.6682,-0.6009,-0.5255},
{0.8357,0.8953,0.9486,0.9956,1.0363,1.0708,1.0991,1.1213,1.1375,1.1479,1.1525,1.1516,1.1453,1.1338,1.1173,1.0960,1.0702,1.0401,1.0059,0.9679,0.9265,0.8817,0.8341,0.7838,0.7311,0.6764,0.6200,0.5588,0.5012,0.4413,0.3821,0.3237,0.2659,0.2107,0.1536,0.1034,0.0513,-0.0054,-0.0566,-0.1041,-0.1480,-0.1882,-0.2240,-0.2565,-0.2845,-0.3067,-0.3184,-0.3483,-0.3598,-0.3659,-0.3527,-0.3484,-0.3526,-0.3288,-0.3074,-0.2799,-0.2515,-0.2160,-0.1706,-0.1192,-0.0615}
};
float winch_sc_pose20[2][61]=
{{-0.5255,-0.5718,-0.6131,-0.6495,-0.6810,-0.7069,-0.7287,-0.7456,-0.7583,-0.7662,-0.7697,-0.7687,-0.7638,-0.7547,-0.7418,-0.7258,-0.7056,-0.6817,-0.6555,-0.6260,-0.5938,-0.5592,-0.5222,-0.4832,-0.4424,-0.3999,-0.3563,-0.3115,-0.2660,-0.2200,-0.1738,-0.1275,-0.0818,-0.0359,0.0087,0.0526,0.0951,0.1378,0.1826,0.2200,0.2552,0.2878,0.3177,0.3422,0.3664,0.3867,0.4034,0.4161,0.4253,0.4304,0.4311,0.4294,0.4212,0.3999,0.3881,0.3609,0.3340,0.3068,0.2719,0.2248,0.1776},
{-0.0615,-0.0855,-0.1068,-0.1255,-0.1417,-0.1522,-0.1635,-0.1711,-0.1788,-0.1831,-0.1849,-0.1836,-0.1817,-0.1769,-0.1702,-0.1644,-0.1536,-0.1397,-0.1279,-0.1128,-0.0958,-0.0788,-0.0600,-0.0400,-0.0202,0.0047,0.0276,0.0506,0.0746,0.0988,0.1233,0.1477,0.1722,0.1961,0.2197,0.2428,0.2653,0.2879,0.3121,0.3326,0.3518,0.3695,0.3858,0.3984,0.4117,0.4226,0.4316,0.4384,0.4433,0.4461,0.4465,0.4464,0.4419,0.4269,0.4228,0.4063,0.3920,0.3790,0.3605,0.3342,0.3090}
};
float winch_sc_pose21[2][61]=
{{0.1776,0.2769,0.3648,0.4507,0.5190,0.5770,0.6247,0.6622,0.6897,0.7073,0.7154,0.7141,0.7037,0.6846,0.6571,0.6215,0.5783,0.5278,0.4705,0.3980,0.3271,0.2513,0.1724,0.0896,0.0032,-0.0863,-0.1784,-0.2729,-0.3689,-0.4657,-0.5629,-0.6566,-0.7520,-0.8471,-0.9408,-1.0324,-1.1215,-1.2074,-1.2897,-1.3679,-1.4415,-1.5099,-1.5727,-1.6294,-1.6796,-1.7228,-1.7586,-1.7867,-1.8066,-1.8181,-1.8207,-1.8142,-1.7984,-1.7730,-1.7377,-1.6924,-1.6370,-1.5713,-1.4953,-1.4088,-1.3119},
{0.3090,0.3852,0.4528,0.5196,0.5726,0.6176,0.6546,0.6837,0.7050,0.7188,0.7251,0.7241,0.7162,0.7014,0.6801,0.6526,0.6191,0.5800,0.5356,0.4787,0.4241,0.3660,0.3057,0.2424,0.1765,0.1082,0.0376,-0.0350,-0.1077,-0.1811,-0.2544,-0.3208,-0.3919,-0.4638,-0.5347,-0.6039,-0.6713,-0.7363,-0.7986,-0.8577,-0.9133,-0.9651,-1.0126,-1.0556,-1.0936,-1.1263,-1.1535,-1.1747,-1.1899,-1.1986,-1.2006,-1.1958,-1.1838,-1.1646,-1.1380,-1.1038,-1.0620,-1.0123,-0.9548,-0.8895,-0.8162}
};
float winch_sc_pose22[2][61]=
{{-1.3119,-1.3694,-1.3943,-1.4457,-1.4582,-1.4832,-1.5037,-1.5197,-1.5314,-1.5386,-1.5417,-1.5407,-1.5356,-1.5268,-1.5143,-1.4983,-1.4789,-1.4564,-1.4310,-1.4028,-1.3720,-1.3390,-1.3038,-1.2673,-1.2294,-1.1900,-1.1489,-1.1065,-1.0624,-1.0176,-0.9720,-0.9260,-0.8800,-0.8343,-0.7922,-0.7492,-0.7038,-0.6710,-0.6342,-0.5998,-0.5650,-0.5347,-0.5075,-0.4865,-0.4633,-0.4441,-0.4282,-0.4157,-0.4080,-0.4029,-0.4016,-0.4031,-0.4104,-0.4244,-0.4346,-0.4559,-0.4894,-0.5191,-0.5535,-0.5926,-0.6362},
{-0.8162,-0.9603,-1.0521,-1.1709,-1.2351,-1.3069,-1.3657,-1.4117,-1.4452,-1.4663,-1.4754,-1.4727,-1.4588,-1.4339,-1.3986,-1.3532,-1.2984,-1.2346,-1.1624,-1.0824,-0.9951,-0.9011,-0.8011,-0.6969,-0.5887,-0.4768,-0.3615,-0.2441,-0.1226,-0.0003,0.1230,0.2467,0.3703,0.4928,0.6173,0.7358,0.8481,0.9646,1.0715,1.1731,1.2673,1.3557,1.4369,1.5112,1.5753,1.6306,1.6764,1.7120,1.7374,1.7515,1.7541,1.7447,1.7234,1.6904,1.6425,1.5834,1.5137,1.4283,1.3298,1.2179,1.0928}
};
float winch_sc_pose23[2][61]=
{{-0.6362,-0.6505,-0.6631,-0.6743,-0.6840,-0.6922,-0.6990,-0.7043,-0.7082,-0.7107,-0.7118,-0.7117,-0.7102,-0.7076,-0.7037,-0.6987,-0.6927,-0.6856,-0.6776,-0.6686,-0.6588,-0.6483,-0.6370,-0.6250,-0.6126,-0.5996,-0.5861,-0.5724,-0.5563,-0.5423,-0.5281,-0.5093,-0.4960,-0.4831,-0.4702,-0.4560,-0.4420,-0.4292,-0.4157,-0.4024,-0.3935,-0.3850,-0.3764,-0.3686,-0.3623,-0.3568,-0.3521,-0.3485,-0.3458,-0.3442,-0.3439,-0.3449,-0.3471,-0.3492,-0.3543,-0.3608,-0.3689,-0.3784,-0.3894,-0.3993,-0.4157},
{1.0928,1.1508,1.2027,1.2483,1.2878,1.3212,1.3485,1.3699,1.3854,1.3952,1.3994,1.3981,1.3916,1.3801,1.3636,1.3425,1.3170,1.2873,1.2537,1.2164,1.1757,1.1319,1.0852,1.0360,0.9846,0.9313,0.8763,0.8201,0.7614,0.7036,0.6454,0.5833,0.5261,0.4698,0.4145,0.3586,0.3040,0.2520,0.1994,0.1462,0.1050,0.0680,0.0310,-0.0051,-0.0374,-0.0626,-0.0832,-0.0989,-0.1096,-0.1153,-0.1162,-0.1117,-0.1017,-0.0802,-0.0585,-0.0307,0.0031,0.0431,0.0892,0.1334,0.1986}
};
float winch_sc_pose24[2][61]=
{{-0.4157,-0.4340,-0.4504,-0.4648,-0.4772,-0.4877,-0.4963,-0.5012,-0.5063,-0.5111,-0.5125,-0.5122,-0.5102,-0.5067,-0.5016,-0.4950,-0.4860,-0.4778,-0.4674,-0.4559,-0.4432,-0.4295,-0.4150,-0.3996,-0.3836,-0.3670,-0.3499,-0.3323,-0.3145,-0.2964,-0.2781,-0.2582,-0.2401,-0.2221,-0.2047,-0.1871,-0.1726,-0.1562,-0.1404,-0.1269,-0.1113,-0.0981,-0.0862,-0.0754,-0.0660,-0.0571,-0.0503,-0.0451,-0.0415,-0.0396,-0.0394,-0.0418,-0.0451,-0.0502,-0.0573,-0.0653,-0.0773,-0.0910,-0.1083,-0.1240,-0.1428},
{0.1987,0.1742,0.1523,0.1330,0.1162,0.1020,0.0900,0.0679,0.0611,0.0703,0.0685,0.0690,0.0717,0.0765,0.0834,0.0920,0.0977,0.1152,0.1299,0.1458,0.1630,0.1816,0.2013,0.2222,0.2441,0.2668,0.2902,0.3141,0.3385,0.3631,0.3877,0.4114,0.4362,0.4606,0.4847,0.5081,0.5316,0.5534,0.5743,0.5945,0.6128,0.6301,0.6460,0.6603,0.6730,0.6838,0.6927,0.6997,0.7046,0.7073,0.7078,0.7059,0.7017,0.6949,0.6857,0.6738,0.6596,0.6428,0.6238,0.6016,0.5770}
};
float winch_sc_pose25[2][61]=
{{-0.1430,-0.1492,-0.1574,-0.1735,-0.1799,-0.1779,-0.1899,-0.1934,-0.1960,-0.1976,-0.1984,-0.1983,-0.1973,-0.1956,-0.1930,-0.1870,-0.1830,-0.1811,-0.1647,-0.1584,-0.1526,-0.1451,-0.1382,-0.1315,-0.1228,-0.1150,-0.1069,-0.0986,-0.0902,-0.0815,-0.0728,-0.0641,-0.0551,-0.0462,-0.0375,-0.0291,-0.0210,-0.0131,-0.0057,0.0014,0.0081,0.0142,0.0199,0.0249,0.0294,0.0332,0.0364,0.0389,0.0406,0.0415,0.0417,0.0410,0.0395,0.0371,0.0339,0.0297,0.0246,0.0186,0.0116,0.0037,-0.0051},
{0.5771,0.6086,0.6374,0.6653,0.6874,0.7040,0.7214,0.7335,0.7422,0.7478,0.7503,0.7497,0.7462,0.7399,0.7308,0.7184,0.7043,0.6886,0.6670,0.6463,0.6239,0.5994,0.5737,0.5467,0.5180,0.4886,0.4583,0.4273,0.3957,0.3638,0.3316,0.2995,0.2675,0.2359,0.2048,0.1745,0.1450,0.1167,0.0896,0.0639,0.0397,0.0173,-0.0032,-0.0217,-0.0380,-0.0520,-0.0635,-0.0725,-0.0787,-0.0822,-0.0828,-0.0803,-0.0748,-0.0661,-0.0542,-0.0390,-0.0205,0.0014,0.0267,0.0554,0.0875}
};
float winch_sc_pose26[2][61]=
{{-0.0051,0.0659,0.1295,0.1854,0.2339,0.2749,0.3085,0.3349,0.3542,0.3664,0.3719,0.3706,0.3630,0.3491,0.3293,0.3038,0.2729,0.2369,0.1960,0.1506,0.1011,0.0477,-0.0092,-0.0692,-0.1320,-0.1973,-0.2647,-0.3340,-0.4039,-0.4749,-0.5464,-0.6126,-0.6803,-0.7481,-0.8165,-0.8833,-0.9483,-1.0110,-1.0710,-1.1279,-1.1814,-1.2312,-1.2769,-1.3181,-1.3545,-1.3858,-1.4117,-1.4320,-1.4463,-1.4544,-1.4562,-1.4512,-1.4395,-1.4207,-1.3949,-1.3617,-1.3212,-1.2732,-1.2178,-1.1548,-1.0843},
{0.0875,0.0467,0.0104,-0.0215,-0.0491,-0.0725,-0.0916,-0.1066,-0.1176,-0.1245,-0.1276,-0.1268,-0.1224,-0.1145,-0.1032,-0.0886,-0.0709,-0.0503,-0.0270,-0.0011,0.0272,0.0577,0.0902,0.1245,0.1604,0.1979,0.2366,0.2767,0.3167,0.3576,0.3987,0.4325,0.4684,0.5049,0.5433,0.5809,0.6175,0.6527,0.6865,0.7186,0.7488,0.7769,0.8027,0.8260,0.8466,0.8643,0.8790,0.8905,0.8987,0.9034,0.9044,0.9018,0.8953,0.8848,0.8703,0.8517,0.8290,0.8021,0.7710,0.7356,0.6960}
};
float winch_sc_pose27[2][61]=
{{-1.0843,-1.1376,-1.1851,-1.2270,-1.2631,-1.2936,-1.3186,-1.3381,-1.3521,-1.3609,-1.3646,-1.3632,-1.3571,-1.3462,-1.3308,-1.3112,-1.2874,-1.2598,-1.2285,-1.1938,-1.1560,-1.1152,-1.0718,-1.0260,-0.9916,-0.9426,-0.8926,-0.8448,-0.7951,-0.7417,-0.6902,-0.6370,-0.5841,-0.5318,-0.4803,-0.4261,-0.3763,-0.3309,-0.2836,-0.2398,-0.1974,-0.1584,-0.1168,-0.0842,-0.0560,-0.0304,-0.0059,0.0103,0.0209,0.0265,0.0273,0.0230,0.0132,-0.0084,-0.0311,-0.0559,-0.0961,-0.1365,-0.1805,-0.2356,-0.2888},
{0.6960,0.6797,0.6653,0.6525,0.6414,0.6320,0.6243,0.6182,0.6137,0.6107,0.6093,0.6093,0.6107,0.6135,0.6177,0.6231,0.6296,0.6374,0.6462,0.6561,0.6669,0.6786,0.6910,0.7043,0.7365,0.7507,0.7659,0.7850,0.8027,0.8173,0.8339,0.8490,0.8639,0.8787,0.8932,0.9055,0.9190,0.9331,0.9451,0.9571,0.9681,0.9786,0.9875,0.9965,1.0046,1.0115,1.0173,1.0219,1.0250,1.0267,1.0269,1.0256,1.0226,1.0180,1.0119,1.0042,0.9956,0.9854,0.9736,0.9618,0.9469}
};
float winch_sc_pose28[2][61]=
{{-0.2888,-0.3281,-0.3632,-0.3943,-0.4212,-0.4441,-0.4628,-0.4776,-0.4883,-0.4952,-0.4983,-0.4977,-0.4935,-0.4859,-0.4749,-0.4608,-0.4436,-0.4236,-0.4009,-0.3758,-0.3483,-0.3187,-0.2871,-0.2539,-0.2191,-0.1831,-0.1442,-0.1033,-0.0614,-0.0200,0.0216,0.0650,0.1079,0.1491,0.1892,0.2263,0.2622,0.2968,0.3298,0.3612,0.3906,0.4179,0.4429,0.4654,0.4853,0.5023,0.5164,0.5273,0.5349,0.5391,0.5398,0.5368,0.5300,0.5193,0.5047,0.4861,0.4634,0.4365,0.4055,0.3702,0.3307},
{0.9469,0.9256,0.9066,0.8897,0.8751,0.8628,0.8527,0.8447,0.8389,0.8353,0.8337,0.8341,0.8365,0.8408,0.8468,0.8546,0.8641,0.8751,0.8876,0.9015,0.9166,0.9329,0.9503,0.9686,0.9877,1.0076,1.0277,1.0484,1.0697,1.0915,1.1135,1.1359,1.1584,1.1807,1.2027,1.2238,1.2443,1.2641,1.2829,1.3008,1.3176,1.3331,1.3473,1.3602,1.3715,1.3812,1.3893,1.3955,1.3999,1.4024,1.4029,1.4013,1.3977,1.3918,1.3837,1.3734,1.3608,1.3458,1.3286,1.3089,1.2870}
};
float winch_sc_pose29[2][61]=
{{0.3307,0.4365,0.5311,0.6145,0.6866,0.7477,0.7978,0.8371,0.8658,0.8841,0.8923,0.8907,0.8795,0.8592,0.8300,0.7924,0.7468,0.6936,0.6332,0.5662,0.4929,0.4140,0.3298,0.2409,0.1479,0.0513,-0.0588,-0.1658,-0.2750,-0.3843,-0.4891,-0.5940,-0.6970,-0.7956,-0.8885,-0.9906,-1.0897,-1.1851,-1.2765,-1.3631,-1.4446,-1.5202,-1.5895,-1.6521,-1.7073,-1.7547,-1.7940,-1.8235,-1.8453,-1.8566,-1.8593,-1.8513,-1.8331,-1.8042,-1.7646,-1.7139,-1.6521,-1.5790,-1.4945,-1.3989,-1.2921},
{1.2870,1.3594,1.4242,1.4813,1.5306,1.5724,1.6066,1.6334,1.6529,1.6652,1.6705,1.6691,1.6610,1.6467,1.6262,1.5999,1.5680,1.5309,1.4888,1.4420,1.3910,1.3359,1.2772,1.2153,1.1504,1.0829,1.0138,0.9444,0.8753,0.8067,0.7360,0.6653,0.5934,0.5164,0.4273,0.3582,0.2915,0.2273,0.1661,0.1083,0.0541,0.0040,-0.0418,-0.0829,-0.1190,-0.1499,-0.1752,-0.1860,-0.2020,-0.2030,-0.2076,-0.2008,-0.1876,-0.1674,-0.1408,-0.1068,-0.0652,-0.0159,0.0413,0.1065,0.1798}
};
float winch_sc_pose30[2][61]=
{{-1.2921,-1.3144,-1.3343,-1.3519,-1.3670,-1.3797,-1.3902,-1.3984,-1.4044,-1.4081,-1.4098,-1.4068,-1.4043,-1.3999,-1.3965,-1.3855,-1.3789,-1.3676,-1.3547,-1.3403,-1.3246,-1.3076,-1.2894,-1.2700,-1.2497,-1.2285,-1.2065,-1.1839,-1.1607,-1.1370,-1.1131,-1.0891,-1.0652,-1.0411,-1.0176,-0.9948,-0.9726,-0.9511,-0.9305,-0.9110,-0.8926,-0.8754,-0.8642,-0.8491,-0.8328,-0.8220,-0.8129,-0.8059,-0.8009,-0.7980,-0.7973,-0.7989,-0.8029,-0.8093,-0.8182,-0.8295,-0.8434,-0.8598,-0.8788,-0.9003,-0.9244},
{0.1797,0.2458,0.3048,0.3569,0.4015,0.4394,0.4708,0.4953,0.5132,0.5247,0.5299,0.5221,0.5149,0.5020,0.4919,0.4598,0.4408,0.4081,0.3710,0.3297,0.2847,0.2361,0.1843,0.1297,0.0725,0.0131,-0.0483,-0.1111,-0.1751,-0.2398,-0.3051,-0.3706,-0.4362,-0.5003,-0.5641,-0.6269,-0.6878,-0.7467,-0.8030,-0.8564,-0.9066,-0.9532,-0.9998,-1.0374,-1.0685,-1.0977,-1.1218,-1.1405,-1.1535,-1.1607,-1.1617,-1.1565,-1.1448,-1.1264,-1.1012,-1.0691,-1.0301,-0.9840,-0.9308,-0.8704,-0.8030}
};
float winch_sc_pose31[2][61]=
{{-0.9244,-0.9585,-0.9890,-1.0159,-1.0392,-1.0589,-1.0751,-1.0879,-1.0972,-1.1031,-1.1058,-1.1052,-1.1016,-1.0950,-1.0856,-1.0734,-1.0586,-1.0413,-1.0217,-0.9999,-0.9761,-0.9505,-0.9232,-0.8944,-0.8678,-0.8355,-0.8058,-0.7717,-0.7357,-0.6993,-0.6625,-0.6246,-0.5876,-0.5454,-0.5163,-0.4802,-0.4513,-0.4196,-0.3894,-0.3588,-0.3336,-0.3084,-0.2981,-0.2622,-0.2447,-0.2286,-0.2263,-0.2038,-0.1966,-0.1908,-0.1896,-0.1883,-0.1940,-0.2080,-0.2252,-0.2422,-0.2728,-0.3011,-0.3289,-0.3604,-0.3957},
{-0.8030,-0.9269,-1.0376,-1.1354,-1.2200,-1.2917,-1.3505,-1.3966,-1.4302,-1.4515,-1.4609,-1.4587,-1.4452,-1.4209,-1.3863,-1.3417,-1.2877,-1.2248,-1.1536,-1.0747,-0.9886,-0.8959,-0.7973,-0.6934,-0.5901,-0.4768,-0.3680,-0.2512,-0.1300,-0.0100,0.1159,0.2367,0.3602,0.4759,0.6032,0.7195,0.8360,0.9458,1.0509,1.1500,1.2442,1.3311,1.4136,1.4825,1.5463,1.6010,1.6477,1.6813,1.7062,1.7199,1.7225,1.7131,1.6919,1.6591,1.6136,1.5548,1.4849,1.4011,1.3033,1.1923,1.0680}
};
float winch_sc_pose32[2][61]=
{{-0.3957,-0.3596,-0.3273,-0.2989,-0.2700,-0.2435,-0.2282,-0.2115,-0.1988,-0.1951,-0.1920,-0.1924,-0.1962,-0.2037,-0.2138,-0.2272,-0.2435,-0.2619,-0.2847,-0.3089,-0.3345,-0.3706,-0.3910,-0.4284,-0.4523,-0.4889,-0.5206,-0.5564,-0.5921,-0.6262,-0.6655,-0.6883,-0.7265,-0.7642,-0.8012,-0.8374,-0.8724,-0.9062,-0.9384,-0.9690,-0.9976,-1.0242,-1.0486,-1.0705,-1.0899,-1.1057,-1.1197,-1.1298,-1.1372,-1.1413,-1.1420,-1.1391,-1.1326,-1.1225,-1.1082,-1.0908,-1.0692,-1.0436,-1.0142,-0.9807,-0.9434},
{1.0680,1.1262,1.1782,1.2241,1.2628,1.2953,1.3233,1.3443,1.3596,1.3700,1.3742,1.3729,1.3664,1.3548,1.3382,1.3169,1.2913,1.2612,1.2277,1.1903,1.1494,1.1082,1.0583,1.0116,0.9562,0.9043,0.8474,0.7912,0.7334,0.6731,0.6172,0.5414,0.4828,0.4249,0.3681,0.3127,0.2589,0.2072,0.1577,0.1109,0.0669,0.0261,-0.0112,-0.0447,-0.0743,-0.0927,-0.1169,-0.1292,-0.1404,-0.1473,-0.1477,-0.1429,-0.1324,-0.1162,-0.0903,-0.0664,-0.0324,0.0076,0.0559,0.1068,0.1661}
};
float winch_sc_pose33[2][61]=
{{-0.9434,-1.0319,-1.1111,-1.1813,-1.2416,-1.2929,-1.3349,-1.3679,-1.3918,-1.4070,-1.4135,-1.4118,-1.4020,-1.3844,-1.3592,-1.3270,-1.2880,-1.2425,-1.1910,-1.1339,-1.0715,-1.0044,-0.9330,-0.8587,-0.7843,-0.7026,-0.6211,-0.5361,-0.4511,-0.3634,-0.2756,-0.1887,-0.0978,-0.0091,0.0804,0.1692,0.2501,0.3279,0.4024,0.4730,0.5392,0.6007,0.6570,0.7077,0.7524,0.7907,0.8223,0.8468,0.8639,0.8732,0.8745,0.8676,0.8521,0.8279,0.7948,0.7526,0.7013,0.6406,0.5706,0.4912,0.4025},
{0.1661,0.1305,0.0986,0.0744,0.0456,0.0300,0.0126,-0.0069,-0.0165,-0.0213,-0.0231,-0.0256,-0.0224,-0.0161,-0.0067,0.0048,0.0192,0.0361,0.0554,0.0769,0.1005,0.1261,0.1533,0.1879,0.2323,0.2599,0.2950,0.3265,0.3605,0.3924,0.4249,0.4578,0.4893,0.5218,0.5548,0.5887,0.6207,0.6514,0.6806,0.7083,0.7342,0.7583,0.7802,0.7999,0.8172,0.8321,0.8442,0.8537,0.8602,0.8637,0.8641,0.8613,0.8552,0.8457,0.8328,0.8164,0.7964,0.7728,0.7456,0.7148,0.6804}
};
float winch_sc_pose34[2][61]=
{{0.4025,0.5079,0.6022,0.6855,0.7578,0.8191,0.8695,0.9091,0.9382,0.9569,0.9654,0.9641,0.9533,0.9332,0.9043,0.8669,0.8215,0.7684,0.7081,0.6411,0.5679,0.4889,0.3925,0.3010,0.2117,0.1138,0.0156,-0.0841,-0.1858,-0.2884,-0.3919,-0.4949,-0.5946,-0.6974,-0.7923,-0.8887,-0.9824,-1.0729,-1.1596,-1.2419,-1.3194,-1.3915,-1.4577,-1.5175,-1.5704,-1.6159,-1.6537,-1.6832,-1.7042,-1.7161,-1.7187,-1.7117,-1.6948,-1.6677,-1.6302,-1.5821,-1.5232,-1.4536,-1.3730,-1.2814,-1.1788},
{0.6804,0.7784,0.8661,0.9435,1.0107,1.0676,1.1144,1.1512,1.1781,1.1954,1.2033,1.2019,1.1917,1.1729,1.1458,1.1109,1.0685,1.0189,0.9626,0.9001,0.8317,0.7580,0.6721,0.5885,0.5045,0.4153,0.3247,0.2322,0.1382,0.0430,-0.0531,-0.1471,-0.2346,-0.3321,-0.4152,-0.5040,-0.5902,-0.6735,-0.7532,-0.8289,-0.9001,-0.9663,-1.0271,-1.0820,-1.1306,-1.1724,-1.2070,-1.2341,-1.2533,-1.2643,-1.2666,-1.2601,-1.2445,-1.2196,-1.1850,-1.1408,-1.0867,-1.0226,-0.9484,-0.8641,-0.7698}
};
float winch_sc_pose35[2][61]=
{{-1.1788,-1.1873,-1.1948,-1.2015,-1.2072,-1.2121,-1.2160,-1.2191,-1.2213,-1.2227,-1.2233,-1.2230,-1.2220,-1.2202,-1.2177,-1.2144,-1.2106,-1.2061,-1.2010,-1.1954,-1.1892,-1.1826,-1.1756,-1.1681,-1.1603,-1.1523,-1.1440,-1.1354,-1.1268,-1.1180,-1.1091,-1.1003,-1.0915,-1.0828,-1.0742,-1.0658,-1.0577,-1.0498,-1.0423,-1.0351,-1.0284,-1.0222,-1.0164,-1.0113,-1.0067,-1.0027,-0.9994,-0.9969,-0.9950,-0.9940,-0.9937,-0.9943,-0.9957,-0.9979,-1.0010,-1.0051,-1.0100,-1.0158,-1.0226,-1.0302,-1.0387},
{-0.7698,-0.7667,-0.7640,-0.7617,-0.7596,-0.7578,-0.7564,-0.7552,-0.7544,-0.7538,-0.7535,-0.7534,-0.7537,-0.7541,-0.7548,-0.7558,-0.7569,-0.7583,-0.7598,-0.7616,-0.7634,-0.7655,-0.7677,-0.7700,-0.7724,-0.7749,-0.7775,-0.7801,-0.7828,-0.7855,-0.7883,-0.7910,-0.7938,-0.7964,-0.7991,-0.8017,-0.8042,-0.8066,-0.8089,-0.8111,-0.8131,-0.8150,-0.8168,-0.8183,-0.8197,-0.8208,-0.8217,-0.8224,-0.8229,-0.8231,-0.8230,-0.8227,-0.8220,-0.8211,-0.8199,-0.8184,-0.8166,-0.8144,-0.8120,-0.8092,-0.8061}
};
float winch_sc_pose36[2][61]=
{{-1.0387,-1.1752,-1.2971,-1.4045,-1.4975,-1.5761,-1.6404,-1.6906,-1.7269,-1.7497,-1.7593,-1.7560,-1.7404,-1.7128,-1.6737,-1.6238,-1.5636,-1.4937,-1.4148,-1.3274,-1.2323,-1.1301,-1.0216,-0.9073,-0.7882,-0.6648,-0.5448,-0.4124,-0.2777,-0.1411,-0.0035,0.1349,0.2824,0.4200,0.5549,0.6865,0.8140,0.9367,1.0540,1.1650,1.2693,1.3660,1.4546,1.5344,1.6048,1.6652,1.7150,1.7537,1.7807,1.7955,1.7977,1.7869,1.7626,1.7245,1.6724,1.6059,1.5250,1.4293,1.3189,1.1937,1.0537},
{-0.8061,-0.9397,-1.0591,-1.1643,-1.2553,-1.3323,-1.3952,-1.4444,-1.4800,-1.5024,-1.5118,-1.5087,-1.4935,-1.4666,-1.4285,-1.3798,-1.3210,-1.2527,-1.1755,-1.0901,-0.9971,-0.8971,-0.7909,-0.6790,-0.5622,-0.4412,-0.3285,-0.1985,-0.0667,0.0684,0.2035,0.3393,0.4805,0.6164,0.7497,0.8797,1.0057,1.1270,1.2429,1.3527,1.4558,1.5516,1.6393,1.7184,1.7882,1.8481,1.8976,1.9361,1.9631,1.9780,1.9805,1.9700,1.9463,1.9090,1.8577,1.7923,1.7126,1.6184,1.5096,1.3862,1.2481}
};
float winch_sc_pose37[2][61]=
{{1.0537,1.1898,1.3116,1.4191,1.5123,1.5913,1.6562,1.7072,1.7444,1.7681,1.7787,1.7765,1.7620,1.7355,1.6976,1.6489,1.5898,1.5209,1.4429,1.3563,1.2619,1.1603,1.0521,0.9381,0.8189,0.6953,0.5680,0.4376,0.3050,0.1708,0.0244,-0.1129,-0.2494,-0.3795,-0.5073,-0.6322,-0.7532,-0.8705,-0.9829,-1.0899,-1.1906,-1.2838,-1.3694,-1.4458,-1.5139,-1.5701,-1.6186,-1.6564,-1.6831,-1.6982,-1.7013,-1.6920,-1.6698,-1.6345,-1.5857,-1.5233,-1.4485,-1.3576,-1.2533,-1.1344,-1.0004},
{1.2481,1.3353,1.4134,1.4824,1.5422,1.5929,1.6346,1.6673,1.6912,1.7065,1.7134,1.7121,1.7028,1.6859,1.6617,1.6304,1.5925,1.5483,1.4982,1.4425,1.3817,1.3162,1.2464,1.1728,1.0958,1.0158,0.9332,0.8486,0.7625,0.6752,0.5865,0.5019,0.4205,0.3388,0.2584,0.1800,0.1020,0.0303,-0.0520,-0.1193,-0.1833,-0.2410,-0.2943,-0.3389,-0.3813,-0.4085,-0.4388,-0.4625,-0.4792,-0.4887,-0.4906,-0.4848,-0.4709,-0.4488,-0.4183,-0.3792,-0.3384,-0.2802,-0.2176,-0.1457,-0.0603}
};
float winch_sc_pose38[2][61]=
{{-1.0004,-1.0389,-1.0733,-1.1035,-1.1298,-1.1519,-1.1701,-1.1844,-1.1947,-1.2013,-1.2041,-1.2033,-1.1990,-1.1913,-1.1804,-1.1664,-1.1494,-1.1297,-1.1073,-1.0825,-1.0554,-1.0261,-0.9954,-0.9625,-0.9282,-0.8922,-0.8559,-0.8190,-0.7810,-0.7424,-0.7037,-0.6652,-0.6270,-0.5893,-0.5522,-0.5159,-0.4808,-0.4470,-0.4146,-0.3840,-0.3554,-0.3288,-0.3048,-0.2827,-0.2633,-0.2466,-0.2328,-0.2220,-0.2145,-0.2103,-0.2095,-0.2124,-0.2188,-0.2291,-0.2431,-0.2611,-0.2829,-0.3088,-0.3387,-0.3727,-0.4109},
{-0.0604,-0.0412,-0.0241,-0.0088,0.0045,0.0161,0.0259,0.0340,0.0394,0.0429,0.0446,0.0445,0.0427,0.0391,0.0340,0.0274,0.0157,0.0053,-0.0010,-0.0166,-0.0315,-0.0407,-0.0627,-0.0771,-0.0936,-0.1071,-0.1280,-0.1508,-0.1697,-0.1888,-0.2085,-0.2288,-0.2491,-0.2689,-0.2883,-0.3072,-0.3255,-0.3431,-0.3600,-0.3760,-0.3910,-0.4050,-0.4179,-0.4293,-0.4392,-0.4478,-0.4549,-0.4604,-0.4642,-0.4663,-0.4666,-0.4651,-0.4617,-0.4564,-0.4491,-0.4397,-0.4282,-0.4146,-0.3989,-0.3812,-0.3614}
};
float winch_sc_pose39[2][61]=
{{-0.4109,-0.4362,-0.4543,-0.4794,-0.4881,-0.4949,-0.5059,-0.5145,-0.5208,-0.5248,-0.5267,-0.5264,-0.5241,-0.5201,-0.5144,-0.5077,-0.4980,-0.4871,-0.4746,-0.4633,-0.4468,-0.4295,-0.4090,-0.3877,-0.3653,-0.3427,-0.3177,-0.2934,-0.2691,-0.2445,-0.2188,-0.1924,-0.1659,-0.1391,-0.1161,-0.0924,-0.0678,-0.0455,-0.0231,0.0023,0.0339,0.0373,0.0661,0.0831,0.0960,0.1070,0.1160,0.1229,0.1275,0.1299,0.1299,0.1275,0.1226,0.1152,0.1051,0.0911,0.0713,0.0475,0.0281,0.0051,-0.0226},
{-0.3614,-0.4668,-0.5573,-0.6445,-0.7105,-0.7667,-0.8164,-0.8553,-0.8836,-0.9017,-0.9096,-0.9077,-0.8964,-0.8761,-0.8471,-0.8103,-0.7647,-0.7121,-0.6523,-0.5883,-0.5154,-0.4377,-0.3531,-0.2643,-0.1715,-0.0785,0.0263,0.1285,0.2328,0.3380,0.4433,0.5486,0.6536,0.7576,0.8605,0.9608,1.0582,1.1523,1.2423,1.3279,1.4087,1.4831,1.5523,1.6145,1.6693,1.7164,1.7554,1.7858,1.8072,1.8193,1.8216,1.8139,1.7959,1.7673,1.7279,1.6775,1.6158,1.5429,1.4591,1.3640,1.2577}
};
float winch_sc_pose40[2][61]=
{{-0.0226,0.0167,0.0469,0.0788,0.1058,0.1280,0.1449,0.1583,0.1680,0.1743,0.1772,0.1768,0.1732,0.1665,0.1568,0.1443,0.1291,0.1105,0.0911,0.0684,0.0397,0.0122,-0.0223,-0.0534,-0.0848,-0.1206,-0.1497,-0.1898,-0.2307,-0.2652,-0.2998,-0.3344,-0.3687,-0.4027,-0.4361,-0.4687,-0.5003,-0.5308,-0.5599,-0.5876,-0.6135,-0.6376,-0.6586,-0.6786,-0.6957,-0.7109,-0.7234,-0.7332,-0.7400,-0.7438,-0.7445,-0.7418,-0.7359,-0.7224,-0.7122,-0.6955,-0.6751,-0.6511,-0.6205,-0.5885,-0.5586},
{1.2577,1.3124,1.3614,1.4048,1.4425,1.4743,1.5004,1.5207,1.5355,1.5449,1.5489,1.5477,1.5415,1.5305,1.5148,1.4947,1.4704,1.4420,1.4100,1.3744,1.3355,1.2938,1.2495,1.2030,1.1544,1.1044,1.0520,1.0001,0.9481,0.8940,0.8397,0.7854,0.7315,0.6783,0.6260,0.5749,0.5253,0.4776,0.4320,0.3888,0.3482,0.3105,0.2735,0.2425,0.2134,0.1898,0.1704,0.1552,0.1446,0.1386,0.1375,0.1413,0.1503,0.1457,0.1794,0.2048,0.2359,0.2726,0.3096,0.3583,0.4207}
};
float winch_sc_pose41[2][61]=
{{-0.5586,-0.5429,-0.5285,-0.5164,-0.5055,-0.4955,-0.4875,-0.4813,-0.4768,-0.4683,-0.4671,-0.4674,-0.4691,-0.4721,-0.4765,-0.4821,-0.4954,-0.5038,-0.5134,-0.5241,-0.5361,-0.5447,-0.5604,-0.5754,-0.5893,-0.6037,-0.6186,-0.6331,-0.6486,-0.6644,-0.6803,-0.6962,-0.7121,-0.7278,-0.7432,-0.7583,-0.7756,-0.7894,-0.7998,-0.8111,-0.8235,-0.8371,-0.8456,-0.8575,-0.8655,-0.8725,-0.8782,-0.8827,-0.8858,-0.8876,-0.8879,-0.8868,-0.8841,-0.8799,-0.8742,-0.8668,-0.8580,-0.8476,-0.8356,-0.8221,-0.8071},
{0.4207,0.3932,0.3680,0.3468,0.3278,0.3106,0.2967,0.2859,0.2781,0.2632,0.2611,0.2617,0.2647,0.2701,0.2779,0.2879,0.3107,0.3253,0.3419,0.3605,0.3810,0.3974,0.4238,0.4492,0.4737,0.4989,0.5251,0.5511,0.5785,0.6063,0.6344,0.6624,0.6903,0.7180,0.7452,0.7719,0.8002,0.8248,0.8457,0.8669,0.8885,0.9105,0.9271,0.9458,0.9601,0.9724,0.9826,0.9905,0.9960,0.9991,0.9997,0.9976,0.9928,0.9853,0.9750,0.9618,0.9459,0.9271,0.9055,0.8810,0.8538}
};
float winch_sc_pose42[2][61]=
{{-0.8071,-0.8695,-0.9254,-0.9748,-1.0255,-1.0569,-1.0921,-1.1157,-1.1328,-1.1437,-1.1485,-1.1473,-1.1404,-1.1280,-1.1103,-1.0875,-1.0599,-1.0278,-0.9913,-0.9509,-0.9067,-0.8592,-0.8086,-0.7553,-0.6995,-0.6416,-0.5820,-0.5210,-0.4589,-0.3962,-0.3330,-0.2642,-0.2031,-0.1363,-0.0725,-0.0095,0.0513,0.1125,0.1655,0.2157,0.2629,0.3067,0.3468,0.3830,0.4148,0.4421,0.4647,0.4821,0.4943,0.5010,0.5020,0.4971,0.4861,0.4689,0.4454,0.4154,0.3789,0.3358,0.2861,0.2298,0.1604},
{0.8538,0.8691,0.8830,0.8953,0.9148,0.9185,0.9324,0.9386,0.9432,0.9461,0.9475,0.9473,0.9456,0.9424,0.9378,0.9319,0.9248,0.9164,0.9068,0.8962,0.8846,0.8721,0.8587,0.8446,0.8298,0.8144,0.7985,0.7822,0.7655,0.7486,0.7315,0.7122,0.6961,0.6785,0.6622,0.6468,0.6325,0.6198,0.6071,0.5951,0.5837,0.5732,0.5636,0.5548,0.5472,0.5405,0.5351,0.5308,0.5278,0.5262,0.5259,0.5270,0.5295,0.5336,0.5391,0.5463,0.5549,0.5652,0.5770,0.5904,0.6036}
};
float winch_sc_pose43[2][61]=
{{0.1604,0.2163,0.2606,0.2996,0.3334,0.3620,0.3855,0.4039,0.4174,0.4259,0.4297,0.4289,0.4236,0.4140,0.4003,0.3826,0.3611,0.3360,0.3076,0.2761,0.2417,0.2046,0.1650,0.1233,0.0771,0.0230,-0.0257,-0.0756,-0.1282,-0.1832,-0.2362,-0.2864,-0.3364,-0.3857,-0.4342,-0.4816,-0.5276,-0.5719,-0.6143,-0.6545,-0.6922,-0.7272,-0.7592,-0.7881,-0.8135,-0.8353,-0.8533,-0.8672,-0.8769,-0.8822,-0.8829,-0.8789,-0.8700,-0.8562,-0.8372,-0.8131,-0.7837,-0.7491,-0.7091,-0.6637,-0.6130},
{0.6036,0.5702,0.5387,0.5109,0.4869,0.4665,0.4498,0.4367,0.4272,0.4211,0.4184,0.4190,0.4228,0.4297,0.4395,0.4522,0.4675,0.4854,0.5057,0.5282,0.5528,0.5793,0.6076,0.6374,0.6682,0.7003,0.7345,0.7697,0.8061,0.8437,0.8813,0.9183,0.9551,0.9914,1.0271,1.0620,1.0958,1.1284,1.1596,1.1891,1.2168,1.2426,1.2662,1.2874,1.3061,1.3222,1.3354,1.3457,1.3529,1.3569,1.3575,1.3547,1.3483,1.3383,1.3246,1.3071,1.2858,1.2606,1.2315,1.1985,1.1616}
};
float winch_sc_pose44[2][61]=
{{-0.6130,-0.6329,-0.6507,-0.6665,-0.6801,-0.6918,-0.7013,-0.7089,-0.7145,-0.7181,-0.7198,-0.7197,-0.7178,-0.7142,-0.7089,-0.7020,-0.6936,-0.6838,-0.6727,-0.6602,-0.6466,-0.6319,-0.6163,-0.5998,-0.5824,-0.5644,-0.5459,-0.5269,-0.5075,-0.4878,-0.4681,-0.4483,-0.4230,-0.4056,-0.3878,-0.3672,-0.3488,-0.3342,-0.3155,-0.2997,-0.2829,-0.2717,-0.2596,-0.2492,-0.2397,-0.2315,-0.2248,-0.2195,-0.2158,-0.2138,-0.2134,-0.2148,-0.2181,-0.2231,-0.2301,-0.2389,-0.2497,-0.2628,-0.2780,-0.2953,-0.3145},
{1.1616,1.2241,1.2800,1.3293,1.3721,1.4084,1.4382,1.4615,1.4786,1.4895,1.4943,1.4932,1.4864,1.4742,1.4567,1.4341,1.4068,1.3750,1.3389,1.2990,1.2554,1.2084,1.1585,1.1059,1.0510,0.9940,0.9354,0.8755,0.8146,0.7530,0.6912,0.6294,0.5638,0.5046,0.4460,0.3859,0.3289,0.2775,0.2228,0.1729,0.1209,0.0825,0.0420,0.0092,-0.0217,-0.0483,-0.0702,-0.0873,-0.0992,-0.1059,-0.1070,-0.1025,-0.0921,-0.0757,-0.0531,-0.0244,0.0103,0.0536,0.1020,0.1571,0.2182}
};
float winch_sc_pose45[2][61]=
{{-0.3144,-0.2542,-0.2001,-0.1525,-0.1114,-0.0766,-0.0482,-0.0242,-0.0080,0.0019,0.0064,0.0049,-0.0017,-0.0135,-0.0306,-0.0526,-0.0794,-0.1112,-0.1451,-0.1834,-0.2250,-0.2703,-0.3186,-0.3696,-0.4231,-0.4788,-0.5350,-0.5926,-0.6527,-0.7124,-0.7727,-0.8333,-0.8923,-0.9516,-1.0102,-1.0677,-1.1236,-1.1775,-1.2291,-1.2781,-1.3242,-1.3670,-1.4063,-1.4418,-1.4731,-1.5000,-1.5222,-1.5396,-1.5518,-1.5587,-1.5600,-1.5556,-1.5453,-1.5289,-1.5064,-1.4777,-1.4426,-1.4011,-1.3534,-1.2994,-1.2389},
{0.2181,0.2121,0.2064,0.2017,0.1977,0.1944,0.1917,0.1894,0.1880,0.1871,0.1867,0.1868,0.1874,0.1884,0.1900,0.1920,0.1947,0.1983,0.2012,0.2048,0.2082,0.2125,0.2171,0.2219,0.2272,0.2331,0.2366,0.2400,0.2469,0.2511,0.2557,0.2607,0.2615,0.2649,0.2691,0.2741,0.2789,0.2837,0.2882,0.2926,0.2967,0.3005,0.3041,0.3074,0.3103,0.3128,0.3149,0.3166,0.3179,0.3187,0.3190,0.3188,0.3180,0.3168,0.3150,0.3126,0.3097,0.3063,0.3033,0.3000,0.2961}
};
float winch_sc_pose46[2][61]=
{{-1.2389,-1.2357,-1.2330,-1.2306,-1.2287,-1.2272,-1.2260,-1.2251,-1.2246,-1.2244,-1.2245,-1.2249,-1.2255,-1.2264,-1.2276,-1.2289,-1.2305,-1.2323,-1.2341,-1.2362,-1.2383,-1.2405,-1.2397,-1.2451,-1.2473,-1.2495,-1.2517,-1.2537,-1.2555,-1.2579,-1.2595,-1.2613,-1.2616,-1.2632,-1.2647,-1.2662,-1.2831,-1.2689,-1.2701,-1.2713,-1.2724,-1.2734,-1.2743,-1.2751,-1.2758,-1.2764,-1.2769,-1.2772,-1.2775,-1.2776,-1.2776,-1.2774,-1.2772,-1.2768,-1.2762,-1.2755,-1.2747,-1.2737,-1.2726,-1.2713,-1.2699},
{0.2961,0.3874,0.4693,0.5416,0.6044,0.6576,0.7014,0.7358,0.7610,0.7772,0.7846,0.7835,0.7741,0.7567,0.7317,0.6994,0.6602,0.6147,0.5627,0.5050,0.4421,0.3744,0.2897,0.2264,0.1470,0.0638,-0.0201,-0.1068,-0.1950,-0.2873,-0.3766,-0.4673,-0.5542,-0.6437,-0.7317,-0.8177,-0.9223,-0.9817,-1.0588,-1.1319,-1.2006,-1.2645,-1.3231,-1.3759,-1.4226,-1.4627,-1.4958,-1.5217,-1.5398,-1.5501,-1.5520,-1.5454,-1.5300,-1.5056,-1.4719,-1.4289,-1.3764,-1.3143,-1.2425,-1.1610,-1.0698}
};
float winch_sc_pose47[2][61]=
{{-1.2699,-1.3147,-1.3547,-1.3899,-1.4424,-1.4459,-1.4669,-1.4832,-1.4950,-1.5023,-1.5053,-1.5040,-1.4987,-1.4894,-1.4764,-1.4597,-1.4396,-1.4163,-1.3899,-1.3607,-1.3289,-1.2947,-1.2583,-1.2200,-1.1799,-1.1385,-1.0957,-1.0521,-1.0077,-0.9629,-0.9178,-0.8728,-0.8281,-0.7841,-0.7409,-0.6983,-0.6568,-0.6167,-0.5783,-0.5418,-0.5077,-0.4762,-0.4474,-0.4216,-0.3990,-0.3797,-0.3640,-0.3504,-0.3417,-0.3368,-0.3360,-0.3393,-0.3468,-0.3585,-0.3746,-0.3946,-0.4192,-0.4487,-0.4859,-0.5264,-0.5728},
{-1.0698,-1.1509,-1.2232,-1.2869,-1.3650,-1.3883,-1.4263,-1.4559,-1.4774,-1.4908,-1.4963,-1.4943,-1.4850,-1.4685,-1.4452,-1.4154,-1.3795,-1.3377,-1.2904,-1.2380,-1.1809,-1.1195,-1.0541,-0.9852,-0.9132,-0.8386,-0.7617,-0.6831,-0.6032,-0.5223,-0.4411,-0.3598,-0.2791,-0.2002,-0.1231,-0.0477,0.0259,0.0972,0.1656,0.2307,0.2920,0.3491,0.4014,0.4485,0.4901,0.5258,0.5553,0.5773,0.5931,0.6017,0.6029,0.5964,0.5819,0.5592,0.5281,0.4880,0.4390,0.3808,0.3172,0.2429,0.1623}
};
float winch_sc_pose48[2][61]=
{{-0.5727,-0.5652,-0.5615,-0.5588,-0.5554,-0.5539,-0.5516,-0.5499,-0.5487,-0.5480,-0.5477,-0.5479,-0.5485,-0.5496,-0.5496,-0.5515,-0.5537,-0.5564,-0.5591,-0.5624,-0.5660,-0.5698,-0.5740,-0.5781,-0.5823,-0.5867,-0.5912,-0.5958,-0.6004,-0.6050,-0.6098,-0.6142,-0.6187,-0.6228,-0.6269,-0.6312,-0.6362,-0.6403,-0.6428,-0.6465,-0.6515,-0.6548,-0.6579,-0.6587,-0.6574,-0.6611,-0.6604,-0.6615,-0.6645,-0.6675,-0.6647,-0.6627,-0.6661,-0.6647,-0.6595,-0.6598,-0.6575,-0.6546,-0.6512,-0.6472,-0.6436},
{0.1623,0.1826,0.2114,0.2376,0.2574,0.2772,0.2911,0.3023,0.3105,0.3157,0.3182,0.3179,0.3148,0.3093,0.2985,0.2881,0.2754,0.2607,0.2436,0.2250,0.2048,0.1830,0.1605,0.1357,0.1098,0.0832,0.0558,0.0277,-0.0004,-0.0291,-0.0602,-0.0875,-0.1165,-0.1440,-0.1713,-0.1991,-0.2287,-0.2548,-0.2763,-0.3000,-0.3255,-0.3459,-0.3649,-0.3787,-0.3876,-0.4033,-0.4102,-0.4183,-0.4274,-0.4344,-0.4305,-0.4257,-0.4271,-0.4189,-0.4023,-0.3921,-0.3755,-0.3555,-0.3323,-0.3058,-0.2778}
};
float winch_sc_pose49[2][61]=
{{-0.6436,-0.6228,-0.6019,-0.5852,-0.5692,-0.5564,-0.5466,-0.5369,-0.5315,-0.5273,-0.5260,-0.5263,-0.5288,-0.5332,-0.5395,-0.5467,-0.5581,-0.5686,-0.5809,-0.5951,-0.6092,-0.6265,-0.6461,-0.6617,-0.6810,-0.7011,-0.7217,-0.7429,-0.7644,-0.7862,-0.8081,-0.8301,-0.8519,-0.8734,-0.8946,-0.9153,-0.9354,-0.9548,-0.9734,-0.9909,-1.0074,-1.0228,-1.0368,-1.0494,-1.0606,-1.0701,-1.0780,-1.0841,-1.0883,-1.0906,-1.0909,-1.0892,-1.0853,-1.0792,-1.0709,-1.0604,-1.0475,-1.0325,-1.0150,-0.9952,-0.9895},
{-0.2778,-0.2364,-0.1934,-0.1611,-0.1276,-0.1019,-0.0855,-0.0585,-0.0517,-0.0389,-0.0403,-0.0405,-0.0454,-0.0546,-0.0674,-0.0780,-0.1078,-0.1264,-0.1501,-0.1792,-0.2067,-0.2427,-0.2834,-0.3148,-0.3546,-0.3960,-0.4386,-0.4823,-0.5268,-0.5718,-0.6171,-0.6624,-0.7076,-0.7522,-0.7961,-0.8391,-0.8808,-0.9210,-0.9595,-0.9961,-1.0304,-1.0623,-1.0915,-1.1179,-1.1411,-1.1611,-1.1775,-1.1903,-1.1992,-1.2041,-1.2049,-1.2013,-1.1933,-1.1808,-1.1637,-1.1419,-1.1154,-1.0841,-1.0479,-1.0070,-0.9779}
};
