float winch_sc_pose1[2][61]=
{{0.0000,0.0517,0.0978,0.1382,0.1732,0.2026,0.2268,0.2456,0.2593,0.2678,0.2715,0.2704,0.2646,0.2543,0.2397,0.2210,0.1984,0.1721,0.1422,0.1091,0.0730,0.0340,-0.0075,-0.0514,-0.0973,-0.1450,-0.1943,-0.2448,-0.2968,-0.3498,-0.4019,-0.4538,-0.5049,-0.5562,-0.6068,-0.6564,-0.7047,-0.7498,-0.7951,-0.8373,-0.8800,-0.9174,-0.9462,-0.9613,-0.9878,-1.0105,-1.0292,-1.0438,-1.0540,-1.0596,-1.0605,-1.0565,-1.0475,-1.0334,-1.0140,-0.9894,-0.9794,-0.9407,-0.8958,-0.8515,-0.7966},
{0.0000,-0.0512,-0.0968,-0.1368,-0.1714,-0.2006,-0.2244,-0.2431,-0.2566,-0.2651,-0.2687,-0.2676,-0.2618,-0.2517,-0.2373,-0.2188,-0.1964,-0.1703,-0.1408,-0.1080,-0.0722,-0.0336,0.0075,0.0509,0.0963,0.1435,0.1922,0.2422,0.2936,0.3460,0.3976,0.4489,0.4994,0.5501,0.6001,0.6491,0.6968,0.7413,0.7861,0.8278,0.8701,0.9070,0.9354,0.9500,0.9761,0.9985,1.0170,1.0314,1.0414,1.0470,1.0479,1.0440,1.0351,1.0211,1.0020,0.9777,0.9682,0.9300,0.8856,0.8419,0.7876}
};
float winch_sc_pose2[2][61]=
{{-0.7977,-0.8438,-0.8710,-0.9066,-0.9374,-0.9635,-0.9849,-1.0016,-1.0138,-1.0215,-1.0249,-1.0240,-1.0190,-1.0100,-0.9973,-0.9809,-0.9611,-0.9380,-0.9118,-0.8828,-0.8511,-0.8171,-0.7807,-0.7425,-0.7024,-0.6609,-0.6217,-0.5768,-0.5318,-0.4846,-0.4367,-0.3891,-0.3420,-0.2955,-0.2488,-0.2062,-0.1627,-0.1257,-0.0816,-0.0444,-0.0093,0.0223,0.0523,0.0797,0.1051,0.1276,0.1448,0.1578,0.1670,0.1994,0.1998,0.1956,0.1867,0.1730,0.1545,0.1309,0.1024,0.0636,0.0218,-0.0270,-0.0789},
{0.7887,0.9050,0.9969,1.0887,1.1682,1.2354,1.2905,1.3336,1.3650,1.3849,1.3935,1.3911,1.3783,1.3552,1.3223,1.2801,1.2291,1.1696,1.1023,1.0277,0.9463,0.8587,0.7654,0.6671,0.5644,0.4578,0.3544,0.2420,0.1308,0.0151,-0.1012,-0.2194,-0.3365,-0.4522,-0.5653,-0.6771,-0.7847,-0.8893,-0.9881,-1.0824,-1.1711,-1.2535,-1.3290,-1.3972,-1.4575,-1.5094,-1.5522,-1.5856,-1.6091,-1.6255,-1.6279,-1.6191,-1.5989,-1.5670,-1.5231,-1.4670,-1.3986,-1.3174,-1.2240,-1.1185,-1.0009}
};
float winch_sc_pose3[2][61]=
{{-0.0796,-0.1055,-0.1312,-0.1527,-0.1710,-0.1854,-0.1972,-0.2064,-0.2132,-0.2175,-0.2195,-0.2191,-0.2164,-0.2116,-0.2047,-0.1958,-0.1850,-0.1724,-0.1581,-0.1422,-0.1237,-0.1036,-0.0822,-0.0596,-0.0339,-0.0115,0.0137,0.0404,0.0657,0.0913,0.1190,0.1442,0.1697,0.1941,0.2188,0.2452,0.2678,0.2896,0.3105,0.3303,0.3489,0.3662,0.3820,0.3962,0.4088,0.4196,0.4285,0.4354,0.4402,0.4429,0.4433,0.4415,0.4372,0.4305,0.4213,0.4095,0.3952,0.3784,0.3588,0.3367,0.3120},
{-1.0010,-1.0074,-1.0135,-1.0189,-1.0235,-1.0273,-1.0304,-1.0328,-1.0345,-1.0357,-1.0361,-1.0360,-1.0353,-1.0340,-1.0322,-1.0299,-1.0270,-1.0237,-1.0200,-1.0158,-1.0110,-1.0060,-1.0007,-0.9951,-0.9893,-0.9835,-0.9776,-0.9716,-0.9656,-0.9596,-0.9538,-0.9478,-0.9419,-0.9360,-0.9303,-0.9255,-0.9200,-0.9148,-0.9097,-0.9050,-0.9005,-0.8963,-0.8925,-0.8891,-0.8860,-0.8834,-0.8813,-0.8796,-0.8784,-0.8777,-0.8776,-0.8780,-0.8790,-0.8806,-0.8828,-0.8856,-0.8890,-0.8931,-0.8977,-0.9030,-0.9089}
};
float winch_sc_pose4[2][61]=
{{0.3120,0.2827,0.2508,0.2312,0.2105,0.1917,0.1780,0.1677,0.1596,0.1542,0.1522,0.1530,0.1511,0.1615,0.1697,0.1806,0.1938,0.2088,0.2254,0.2450,0.2672,0.2885,0.3119,0.3379,0.3636,0.3904,0.4179,0.4461,0.4748,0.5039,0.5331,0.5623,0.5914,0.6201,0.6484,0.6760,0.7028,0.7287,0.7534,0.7768,0.7989,0.8193,0.8380,0.8549,0.8698,0.8826,0.8931,0.9013,0.9071,0.9102,0.9107,0.9085,0.9034,0.8955,0.8846,0.8706,0.8537,0.8337,0.8105,0.7843,0.7550},
{-0.9089,-0.9030,-0.8959,-0.8923,-0.8881,-0.8843,-0.8816,-0.8795,-0.8779,-0.8768,-0.8764,-0.8766,-0.8763,-0.8783,-0.8799,-0.8821,-0.8848,-0.8878,-0.8911,-0.8951,-0.8998,-0.9039,-0.9087,-0.9141,-0.9194,-0.9248,-0.9303,-0.9360,-0.9418,-0.9476,-0.9535,-0.9594,-0.9652,-0.9710,-0.9766,-0.9821,-0.9875,-0.9926,-0.9975,-1.0022,-1.0066,-1.0106,-1.0144,-1.0177,-1.0206,-1.0232,-1.0252,-1.0268,-1.0280,-1.0286,-1.0286,-1.0282,-1.0271,-1.0255,-1.0233,-1.0205,-1.0171,-1.0131,-1.0085,-1.0032,-0.9974}
};
float winch_sc_pose5[2][61]=
{{0.7550,0.8256,0.8886,0.9442,0.9923,1.0330,1.0664,1.0926,1.1116,1.1238,1.1291,1.1279,1.1203,1.1065,1.0869,1.0616,1.0309,0.9952,0.9547,0.9098,0.8608,0.8080,0.7518,0.6925,0.6305,0.5662,0.4999,0.4320,0.3630,0.2931,0.2229,0.1460,0.0718,-0.0018,-0.0686,-0.1418,-0.2056,-0.2671,-0.3259,-0.3816,-0.4340,-0.4826,-0.5271,-0.5673,-0.6027,-0.6330,-0.6581,-0.6775,-0.6911,-0.6986,-0.6997,-0.6943,-0.6822,-0.6632,-0.6372,-0.6041,-0.5637,-0.5160,-0.4609,-0.3926,-0.3249},
{-0.9974,-1.0281,-1.0557,-1.0799,-1.1009,-1.1187,-1.1333,-1.1447,-1.1531,-1.1584,-1.1608,-1.1603,-1.1570,-1.1511,-1.1425,-1.1315,-1.1182,-1.1026,-1.0849,-1.0653,-1.0438,-1.0206,-0.9959,-0.9699,-0.9426,-0.9142,-0.8849,-0.8549,-0.8243,-0.7933,-0.7620,-0.7292,-0.6982,-0.6683,-0.6394,-0.6129,-0.5862,-0.5605,-0.5359,-0.5125,-0.4906,-0.4702,-0.4516,-0.4348,-0.4199,-0.4072,-0.3966,-0.3885,-0.3827,-0.3795,-0.3790,-0.3812,-0.3862,-0.3940,-0.4048,-0.4186,-0.4354,-0.4553,-0.4782,-0.4994,-0.5308}
};
float winch_sc_pose6[2][61]=
{{-0.3251,-0.3507,-0.3786,-0.3993,-0.4223,-0.4383,-0.4515,-0.4619,-0.4694,-0.4742,-0.4763,-0.4759,-0.4729,-0.4674,-0.4597,-0.4497,-0.4375,-0.4234,-0.4073,-0.3895,-0.3700,-0.3491,-0.3267,-0.3032,-0.2785,-0.2527,-0.2266,-0.1979,-0.1711,-0.1408,-0.1086,-0.0790,-0.0499,-0.0207,0.0121,0.0360,0.0685,0.0977,0.1248,0.1481,0.1695,0.1894,0.2076,0.2239,0.2383,0.2506,0.2607,0.2686,0.2740,0.2769,0.2772,0.2749,0.2698,0.2619,0.2510,0.2373,0.2205,0.2008,0.1779,0.1497,0.1181},
{-0.5309,-0.4859,-0.4493,-0.4138,-0.3883,-0.3634,-0.3430,-0.3269,-0.3152,-0.3078,-0.3045,-0.3052,-0.3098,-0.3182,-0.3302,-0.3457,-0.3645,-0.3864,-0.4112,-0.4388,-0.4689,-0.5014,-0.5360,-0.5724,-0.6106,-0.6501,-0.6911,-0.7324,-0.7753,-0.8179,-0.8609,-0.9044,-0.9478,-0.9908,-1.0332,-1.0747,-1.1153,-1.1547,-1.1924,-1.2279,-1.2613,-1.2922,-1.3206,-1.3461,-1.3687,-1.3881,-1.4041,-1.4166,-1.4253,-1.4303,-1.4312,-1.4280,-1.4205,-1.4087,-1.3924,-1.3716,-1.3463,-1.3163,-1.2817,-1.2420,-1.1978}
};
float winch_sc_pose7[2][61]=
{{0.1181,0.2056,0.2794,0.3445,0.4011,0.4490,0.4885,0.5195,0.5423,0.5571,0.5639,0.5631,0.5548,0.5394,0.5170,0.4881,0.4528,0.4116,0.3647,0.3126,0.2555,0.1939,0.1282,0.0587,-0.0328,-0.1008,-0.1843,-0.2646,-0.3422,-0.4235,-0.5047,-0.5859,-0.6656,-0.7478,-0.8267,-0.9044,-0.9781,-1.0498,-1.1139,-1.1768,-1.2373,-1.2934,-1.3450,-1.3915,-1.4327,-1.4681,-1.4974,-1.5203,-1.5365,-1.5457,-1.5476,-1.5420,-1.5286,-1.5073,-1.4779,-1.4403,-1.3943,-1.3399,-1.2769,-1.2055,-1.1255},
{-1.1978,-1.3107,-1.4113,-1.5000,-1.5768,-1.6418,-1.6952,-1.7370,-1.7674,-1.7867,-1.7951,-1.7929,-1.7805,-1.7582,-1.7264,-1.6855,-1.6361,-1.5785,-1.5132,-1.4409,-1.3619,-1.2769,-1.1863,-1.0909,-0.9913,-0.8885,-0.7842,-0.6775,-0.5672,-0.4570,-0.3458,-0.2338,-0.1135,-0.0044,0.0898,0.1969,0.2935,0.3899,0.4719,0.5563,0.6385,0.7149,0.7850,0.8481,0.9039,0.9518,0.9915,1.0224,1.0441,1.0563,1.0586,1.0507,1.0322,1.0030,0.9628,0.9113,0.8484,0.7741,0.6881,0.5905,0.4813}
};
float winch_sc_pose8[2][61]=
{{-1.1255,-1.2228,-1.3099,-1.3867,-1.4532,-1.5094,-1.5554,-1.5914,-1.6175,-1.6339,-1.6408,-1.6386,-1.6275,-1.6078,-1.5799,-1.5442,-1.5011,-1.4509,-1.3942,-1.3314,-1.2629,-1.1894,-1.1111,-1.0312,-0.9466,-0.8566,-0.7636,-0.6687,-0.5705,-0.4732,-0.3747,-0.2763,-0.1790,-0.0798,0.0188,0.1197,0.2106,0.2981,0.3816,0.4607,0.5349,0.6036,0.6665,0.7231,0.7730,0.8157,0.8509,0.8782,0.8972,0.9076,0.9091,0.9013,0.8841,0.8572,0.8203,0.7734,0.7162,0.6486,0.5707,0.4822,0.3833},
{0.4813,0.5836,0.6752,0.7558,0.8257,0.8848,0.9332,0.9711,0.9987,1.0161,1.0235,1.0214,1.0099,0.9895,0.9604,0.9232,0.8781,0.8256,0.7662,0.7004,0.6287,0.5514,0.4693,0.3892,0.3046,0.2109,0.1135,0.0245,-0.0831,-0.1918,-0.2958,-0.4000,-0.5037,-0.6057,-0.7067,-0.8070,-0.9039,-0.9972,-1.0864,-1.1708,-1.2501,-1.3237,-1.3910,-1.4517,-1.5053,-1.5513,-1.5893,-1.6188,-1.6395,-1.6511,-1.6532,-1.6454,-1.6276,-1.5994,-1.5607,-1.5112,-1.4508,-1.3794,-1.2969,-1.2032,-1.0985}
};
float winch_sc_pose9[2][61]=
{{0.3833,0.4932,0.5913,0.6777,0.7526,0.8159,0.8678,0.9086,0.9384,0.9575,0.9661,0.9645,0.9531,0.9322,0.9022,0.8634,0.8162,0.7612,0.6986,0.6291,0.5530,0.4709,0.3831,0.2710,0.1820,0.0759,-0.0304,-0.1324,-0.2391,-0.3471,-0.4562,-0.5657,-0.6739,-0.7760,-0.8797,-0.9811,-1.0798,-1.1752,-1.2666,-1.3535,-1.4353,-1.5115,-1.5815,-1.6448,-1.7008,-1.7491,-1.7891,-1.8204,-1.8425,-1.8550,-1.8576,-1.8499,-1.8316,-1.8025,-1.7623,-1.7108,-1.6481,-1.5739,-1.4882,-1.3910,-1.2825},
{-1.0985,-1.2349,-1.3567,-1.4638,-1.5565,-1.6349,-1.6990,-1.7491,-1.7855,-1.8085,-1.8185,-1.8157,-1.8005,-1.7736,-1.7352,-1.6859,-1.6262,-1.5567,-1.4779,-1.3905,-1.2950,-1.1921,-1.0824,-0.9608,-0.8427,-0.7172,-0.5896,-0.4587,-0.3255,-0.1904,-0.0537,0.0804,0.2131,0.3339,0.4631,0.5894,0.7121,0.8306,0.9441,1.0520,1.1534,1.2479,1.3345,1.4128,1.4821,1.5417,1.5910,1.6295,1.6567,1.6719,1.6749,1.6651,1.6421,1.6058,1.5557,1.4917,1.4136,1.3213,1.2148,1.0941,0.9593}
};
float winch_sc_pose10[2][61]=
{{-1.2825,-1.2888,-1.2945,-1.2995,-1.3038,-1.3075,-1.3105,-1.3129,-1.3147,-1.3159,-1.3165,-1.3164,-1.3159,-1.3148,-1.3131,-1.3110,-1.3084,-1.3053,-1.3018,-1.2979,-1.2936,-1.2890,-1.2841,-1.2789,-1.2734,-1.2677,-1.2619,-1.2559,-1.2497,-1.2435,-1.2372,-1.2310,-1.2247,-1.2185,-1.2124,-1.2065,-1.2007,-1.1953,-1.1899,-1.1848,-1.1800,-1.1755,-1.1713,-1.1675,-1.1641,-1.1612,-1.1588,-1.1568,-1.1555,-1.1548,-1.1547,-1.1552,-1.1563,-1.1581,-1.1606,-1.1639,-1.1678,-1.1728,-1.1777,-1.1838,-1.1906},
{0.9593,1.0128,1.0608,1.1031,1.1398,1.1709,1.1964,1.2164,1.2311,1.2404,1.2446,1.2437,1.2379,1.2275,1.2125,1.1933,1.1699,1.1427,1.1118,1.0776,1.0403,1.0001,0.9573,0.9122,0.8651,0.8163,0.7661,0.7147,0.6624,0.6096,0.5566,0.5036,0.4509,0.3989,0.3478,0.2979,0.2495,0.2041,0.1597,0.1185,0.0795,0.0427,0.0094,-0.0205,-0.0447,-0.0678,-0.0876,-0.1009,-0.1113,-0.1172,-0.1181,-0.1143,-0.1049,-0.0899,-0.0704,-0.0469,-0.0164,0.0335,0.0613,0.1086,0.1615}
};
float winch_sc_pose11[2][61]=
{{-1.1910,-1.2200,-1.2463,-1.2694,-1.2895,-1.3064,-1.3203,-1.3311,-1.3390,-1.3439,-1.3460,-1.3453,-1.3420,-1.3361,-1.3277,-1.3169,-1.3038,-1.2887,-1.2715,-1.2524,-1.2317,-1.2093,-1.1854,-1.1603,-1.1341,-1.1070,-1.0792,-1.0501,-1.0213,-0.9917,-0.9616,-0.9320,-0.9024,-0.8732,-0.8445,-0.8165,-0.7893,-0.7631,-0.7380,-0.7142,-0.6919,-0.6712,-0.6522,-0.6351,-0.6200,-0.6070,-0.5963,-0.5880,-0.5822,-0.5789,-0.5784,-0.5806,-0.5856,-0.5936,-0.6045,-0.6185,-0.6355,-0.6556,-0.6788,-0.7051,-0.7345},
{0.1645,0.1701,0.1776,0.1843,0.1900,0.1948,0.1987,0.2017,0.2039,0.2053,0.2059,0.2056,0.2046,0.2028,0.2004,0.1972,0.1935,0.1891,0.1842,0.1787,0.1727,0.1662,0.1593,0.1521,0.1445,0.1377,0.1316,0.1202,0.1152,0.1061,0.0942,0.0856,0.0769,0.0682,0.0597,0.0514,0.0433,0.0356,0.0281,0.0210,0.0143,0.0081,0.0024,-0.0027,-0.0073,-0.0112,-0.0144,-0.0169,-0.0186,-0.0196,-0.0197,-0.0190,-0.0174,-0.0150,-0.0116,-0.0073,-0.0021,0.0041,0.0138,0.0191,0.0279}
};
float winch_sc_pose12[2][61]=
{{-0.7345,-0.7184,-0.7041,-0.6916,-0.6810,-0.6720,-0.6647,-0.6591,-0.6550,-0.6525,-0.6515,-0.6521,-0.6541,-0.6573,-0.6619,-0.6678,-0.6748,-0.6829,-0.6921,-0.7021,-0.7131,-0.7246,-0.7366,-0.7494,-0.7624,-0.7759,-0.7898,-0.8040,-0.8184,-0.8330,-0.8476,-0.8623,-0.8768,-0.8911,-0.9052,-0.9189,-0.9322,-0.9450,-0.9573,-0.9695,-0.9813,-0.9931,-1.0136,-1.0339,-1.0451,-1.0562,-1.0620,-1.0647,-1.0700,-1.0725,-1.0757,-1.0743,-1.0714,-1.0668,-1.0607,-1.0528,-1.0432,-1.0319,-1.0189,-1.0042,-0.9877},
{0.0279,0.1127,0.1887,0.2557,0.3138,0.3630,0.4034,0.4351,0.4582,0.4729,0.4795,0.4785,0.4696,0.4533,0.4300,0.3999,0.3634,0.3210,0.2729,0.2195,0.1615,0.0988,0.0269,-0.0374,-0.1114,-0.1887,-0.2683,-0.3498,-0.4328,-0.5168,-0.6013,-0.6859,-0.7701,-0.8534,-0.9353,-1.0154,-1.0933,-1.1684,-1.2403,-1.3090,-1.3738,-1.4345,-1.4967,-1.5537,-1.5995,-1.6397,-1.6709,-1.6940,-1.7124,-1.7225,-1.7262,-1.7200,-1.7056,-1.6827,-1.6511,-1.6108,-1.5617,-1.5035,-1.4364,-1.3602,-1.2750}
};
float winch_sc_pose13[2][61]=
{{-0.9877,-1.0022,-1.0152,-1.0266,-1.0366,-1.0450,-1.0519,-1.0574,-1.0583,-1.0578,-1.0586,-1.0300,-1.0279,-1.0247,-1.0204,-1.0151,-1.0087,-1.0015,-0.9935,-0.9847,-0.9763,-0.9673,-0.9577,-0.9475,-0.9368,-0.9257,-0.9142,-0.9024,-0.8904,-0.8782,-0.8659,-0.8536,-0.8427,-0.8301,-0.8174,-0.8049,-0.7925,-0.7803,-0.7685,-0.7571,-0.7463,-0.7362,-0.7268,-0.7183,-0.7107,-0.7042,-0.6986,-0.6942,-0.6909,-0.6888,-0.6879,-0.6882,-0.6898,-0.6926,-0.6969,-0.7058,-0.7096,-0.7184,-0.7328,-0.7461,-0.7591},
{-1.2750,-1.3809,-1.4756,-1.5590,-1.6312,-1.6922,-1.7421,-1.7812,-1.8077,-1.8238,-1.8312,-1.8126,-1.8003,-1.7786,-1.7480,-1.7088,-1.6616,-1.6068,-1.5447,-1.4761,-1.4019,-1.3222,-1.2375,-1.1481,-1.0549,-0.9582,-0.8586,-0.7568,-0.6534,-0.5488,-0.4437,-0.3386,-0.2392,-0.1372,-0.0373,0.0651,0.1598,0.2511,0.3392,0.4225,0.5010,0.5740,0.6409,0.7011,0.7543,0.8000,0.8376,0.8667,0.8870,0.8980,0.8994,0.8908,0.8720,0.8425,0.8023,0.7540,0.6884,0.6144,0.5340,0.4392,0.3288}
};
float winch_sc_pose14[2][61]=
{{-0.7591,-0.7456,-0.7319,-0.7171,-0.7079,-0.7038,-0.6976,-0.6902,-0.6871,-0.6854,-0.6851,-0.6860,-0.6881,-0.6915,-0.6960,-0.7017,-0.7085,-0.7162,-0.7250,-0.7346,-0.7451,-0.7562,-0.7681,-0.7803,-0.7930,-0.8059,-0.8188,-0.8322,-0.8454,-0.8584,-0.8696,-0.8824,-0.8951,-0.9076,-0.9199,-0.9319,-0.9434,-0.9545,-0.9651,-0.9751,-0.9845,-0.9932,-1.0012,-1.0083,-1.0156,-1.0220,-1.0274,-1.0317,-1.0350,-1.0370,-1.0378,-1.0373,-1.0457,-1.0507,-1.0479,-1.0546,-1.0458,-1.0354,-1.0235,-1.0100,-0.9948},
{0.3288,0.4349,0.5258,0.6026,0.6736,0.7367,0.7853,0.8213,0.8495,0.8676,0.8758,0.8744,0.8639,0.8444,0.8165,0.7805,0.7367,0.6858,0.6280,0.5639,0.4940,0.4188,0.3389,0.2546,0.1669,0.0761,-0.0173,-0.1175,-0.2152,-0.3141,-0.4104,-0.5111,-0.6114,-0.7106,-0.8082,-0.9036,-0.9964,-1.0858,-1.1715,-1.2528,-1.3293,-1.4003,-1.4655,-1.5244,-1.5770,-1.6223,-1.6598,-1.6891,-1.7099,-1.7217,-1.7242,-1.7171,-1.7063,-1.6844,-1.6483,-1.6091,-1.5503,-1.4808,-1.4005,-1.3094,-1.2075}
};
float winch_sc_pose15[2][61]=
{{-0.9948,-0.9810,-0.9686,-0.9577,-0.9482,-0.9402,-0.9336,-0.9285,-0.9248,-0.9224,-0.9214,-0.9217,-0.9232,-0.9259,-0.9298,-0.9349,-0.9409,-0.9480,-0.9561,-0.9650,-0.9747,-0.9852,-0.9944,-1.0030,-1.0137,-1.0259,-1.0378,-1.0510,-1.0648,-1.0788,-1.0767,-1.0912,-1.1056,-1.1198,-1.1339,-1.1475,-1.1608,-1.1736,-1.1859,-1.1975,-1.2084,-1.2186,-1.2278,-1.2362,-1.2436,-1.2500,-1.2552,-1.2593,-1.2622,-1.2638,-1.2641,-1.2631,-1.2606,-1.2568,-1.2515,-1.2447,-1.2365,-1.2267,-1.2154,-1.2027,-1.1884},
{-1.2075,-1.2247,-1.2400,-1.2535,-1.2652,-1.2751,-1.2832,-1.2895,-1.2941,-1.2970,-1.2983,-1.2979,-1.2960,-1.2925,-1.2876,-1.2814,-1.2738,-1.2650,-1.2550,-1.2439,-1.2318,-1.2188,-1.2032,-1.1859,-1.1691,-1.1526,-1.1349,-1.1177,-1.1006,-1.0832,-1.0493,-1.0318,-1.0144,-0.9972,-0.9803,-0.9638,-0.9478,-0.9324,-0.9176,-0.9037,-0.8906,-0.8784,-0.8672,-0.8572,-0.8484,-0.8408,-0.8345,-0.8297,-0.8263,-0.8244,-0.8242,-0.8255,-0.8286,-0.8333,-0.8398,-0.8481,-0.8582,-0.8702,-0.8839,-0.8996,-0.9170}
};
float winch_sc_pose16[2][61]=
{{-1.1884,-1.2304,-1.2681,-1.3013,-1.3300,-1.3544,-1.3743,-1.3900,-1.4013,-1.4085,-1.4116,-1.4107,-1.4060,-1.3975,-1.3854,-1.3700,-1.3513,-1.3295,-1.3049,-1.2776,-1.2477,-1.2157,-1.1969,-1.1614,-1.1291,-1.0944,-1.0551,-1.0150,-0.9741,-0.9329,-0.8914,-0.8500,-0.8089,-0.7682,-0.7283,-0.6893,-0.6515,-0.6151,-0.5803,-0.5473,-0.5163,-0.4876,-0.4613,-0.4376,-0.4167,-0.3987,-0.3839,-0.3724,-0.3633,-0.3588,-0.3580,-0.3621,-0.3691,-0.3801,-0.3953,-0.4146,-0.4383,-0.4663,-0.4986,-0.5353,-0.5764},
{-0.9170,-0.8951,-0.8755,-0.8582,-0.8432,-0.8304,-0.8200,-0.8117,-0.8057,-0.8018,-0.8000,-0.8002,-0.8025,-0.8066,-0.8126,-0.8203,-0.8298,-0.8408,-0.8533,-0.8672,-0.8824,-0.8989,-0.9362,-0.9543,-0.9787,-1.0022,-1.0222,-1.0427,-1.0636,-1.0847,-1.1059,-1.1271,-1.1482,-1.1690,-1.1895,-1.2095,-1.2289,-1.2476,-1.2655,-1.2824,-1.2984,-1.3132,-1.3267,-1.3390,-1.3497,-1.3590,-1.3667,-1.3727,-1.3767,-1.3791,-1.3795,-1.3783,-1.3749,-1.3693,-1.3617,-1.3518,-1.3398,-1.3257,-1.3092,-1.2906,-1.2697}
};
float winch_sc_pose17[2][61]=
{{-0.5764,-0.5610,-0.5473,-0.5352,-0.5248,-0.5160,-0.5087,-0.5031,-0.4990,-0.4964,-0.4952,-0.4955,-0.4972,-0.5002,-0.5046,-0.5101,-0.5168,-0.5246,-0.5335,-0.5433,-0.5540,-0.5656,-0.5779,-0.5909,-0.6045,-0.6186,-0.6331,-0.6480,-0.6632,-0.6785,-0.6939,-0.7093,-0.7247,-0.7399,-0.7548,-0.7694,-0.7835,-0.7972,-0.8103,-0.8226,-0.8343,-0.8451,-0.8550,-0.8639,-0.8718,-0.8785,-0.8841,-0.8884,-0.8914,-0.8930,-0.8933,-0.8921,-0.8894,-0.8852,-0.8794,-0.8720,-0.8630,-0.8524,-0.8402,-0.8264,-0.8109},
{-1.2697,-1.2833,-1.2954,-1.3061,-1.3153,-1.3231,-1.3294,-1.3344,-1.3380,-1.3403,-1.3412,-1.3409,-1.3393,-1.3366,-1.3327,-1.3277,-1.3216,-1.3146,-1.3067,-1.2978,-1.2882,-1.2778,-1.2668,-1.2551,-1.2430,-1.2303,-1.2173,-1.2040,-1.1904,-1.1767,-1.1629,-1.1491,-1.1353,-1.1218,-1.1084,-1.0953,-1.0827,-1.0704,-1.0588,-1.0477,-1.0372,-1.0276,-1.0187,-1.0107,-1.0036,-0.9976,-0.9926,-0.9887,-0.9859,-0.9844,-0.9841,-0.9851,-0.9874,-0.9911,-0.9962,-1.0026,-1.0105,-1.0198,-1.0306,-1.0428,-1.0564}
};
float winch_sc_pose18[2][61]=
{{-0.8109,-0.8857,-0.9527,-1.0117,-1.0628,-1.1060,-1.1415,-1.1693,-1.1896,-1.2025,-1.2082,-1.2069,-1.1989,-1.1843,-1.1635,-1.1366,-1.1041,-1.0662,-1.0233,-0.9757,-0.9237,-0.8677,-0.8081,-0.7453,-0.6797,-0.6116,-0.5415,-0.4698,-0.3968,-0.3230,-0.2488,-0.1706,-0.0912,-0.0161,0.0662,0.1395,0.2072,0.2724,0.3348,0.3940,0.4495,0.5011,0.5484,0.5909,0.6285,0.6607,0.6872,0.7079,0.7223,0.7302,0.7314,0.7257,0.7129,0.6927,0.6651,0.6299,0.5870,0.5363,0.4777,0.4113,0.3370},
{-1.0564,-1.0710,-1.0840,-1.0955,-1.1055,-1.1140,-1.1210,-1.1264,-1.1305,-1.1331,-1.1343,-1.1341,-1.1326,-1.1299,-1.1259,-1.1208,-1.1146,-1.1073,-1.0990,-1.0898,-1.0796,-1.0687,-1.0571,-1.0448,-1.0318,-1.0184,-1.0045,-0.9902,-0.9757,-0.9609,-0.9460,-0.9302,-0.9150,-0.9009,-0.8880,-0.8762,-0.8643,-0.8528,-0.8418,-0.8314,-0.8216,-0.8124,-0.8041,-0.7965,-0.7898,-0.7840,-0.7792,-0.7755,-0.7729,-0.7714,-0.7711,-0.7720,-0.7742,-0.7777,-0.7825,-0.7886,-0.7961,-0.8050,-0.8153,-0.8269,-0.8400}
};
float winch_sc_pose19[2][61]=
{{0.3370,0.4333,0.5193,0.5951,0.6608,0.7164,0.7619,0.7977,0.8238,0.8404,0.8478,0.8462,0.8360,0.8174,0.7907,0.7564,0.7148,0.6663,0.6113,0.5503,0.4836,0.4118,0.3353,0.2547,0.1703,0.0828,-0.0131,-0.1170,-0.2127,-0.3165,-0.4123,-0.5081,-0.6035,-0.6979,-0.7908,-0.8816,-0.9698,-1.0550,-1.1365,-1.2139,-1.2866,-1.3542,-1.4068,-1.4624,-1.5097,-1.5405,-1.5762,-1.6040,-1.6236,-1.6347,-1.6368,-1.6299,-1.6135,-1.5874,-1.5515,-1.5055,-1.4495,-1.3832,-1.3066,-1.2197,-1.1226},
{-0.8400,-0.8436,-0.8469,-0.8498,-0.8523,-0.8545,-0.8563,-0.8577,-0.8588,-0.8595,-0.8599,-0.8600,-0.8597,-0.8591,-0.8582,-0.8570,-0.8555,-0.8537,-0.8517,-0.8493,-0.8467,-0.8438,-0.8407,-0.8373,-0.8337,-0.8299,-0.8259,-0.8239,-0.8220,-0.8231,-0.8218,-0.8204,-0.8189,-0.8174,-0.8159,-0.8143,-0.8127,-0.8111,-0.8095,-0.8079,-0.8064,-0.8050,-0.7869,-0.7842,-0.7782,-0.7526,-0.7517,-0.7512,-0.7510,-0.7511,-0.7515,-0.7523,-0.7535,-0.7550,-0.7569,-0.7591,-0.7618,-0.7648,-0.7683,-0.7722,-0.7765}
};
float winch_sc_pose20[2][61]=
{{-1.1226,-1.1383,-1.1522,-1.1646,-1.1753,-1.1844,-1.1918,-1.1976,-1.2019,-1.2046,-1.2058,-1.2055,-1.2038,-1.2008,-1.1964,-1.1908,-1.1839,-1.1760,-1.1669,-1.1569,-1.1460,-1.1342,-1.1217,-1.1085,-1.0947,-1.0803,-1.0656,-1.0505,-1.0352,-1.0197,-1.0041,-0.9885,-0.9730,-0.9577,-0.9427,-0.9280,-0.9138,-0.9001,-0.8869,-0.8745,-0.8629,-0.8520,-0.8421,-0.8386,-0.8342,-0.8269,-0.8252,-0.8184,-0.8180,-0.8202,-0.8201,-0.8213,-0.8251,-0.8292,-0.8349,-0.8408,-0.8494,-0.8598,-0.8602,-0.8786,-0.8885},
{-0.7765,-0.7717,-0.7674,-0.7636,-0.7603,-0.7575,-0.7552,-0.7534,-0.7521,-0.7513,-0.7509,-0.7510,-0.7516,-0.7525,-0.7539,-0.7557,-0.7578,-0.7603,-0.7631,-0.7662,-0.7696,-0.7733,-0.7772,-0.7813,-0.7856,-0.7901,-0.7947,-0.7994,-0.8042,-0.8091,-0.8139,-0.8188,-0.8237,-0.8285,-0.8332,-0.8378,-0.8422,-0.8465,-0.8506,-0.8545,-0.8582,-0.8616,-0.8647,-0.8727,-0.8784,-0.8800,-0.8852,-0.8843,-0.8877,-0.8917,-0.8920,-0.8917,-0.8921,-0.8908,-0.8891,-0.8857,-0.8829,-0.8797,-0.8645,-0.8649,-0.8544}
};
float winch_sc_pose21[2][61]=
{{-0.8857,-0.9650,-1.0392,-1.0977,-1.1483,-1.1909,-1.2280,-1.2611,-1.2809,-1.2935,-1.2990,-1.2976,-1.2895,-1.2750,-1.2543,-1.2278,-1.1956,-1.1582,-1.1158,-1.0687,-1.0174,-0.9622,-0.9034,-0.8414,-0.7766,-0.7095,-0.6403,-0.5695,-0.4975,-0.4248,-0.3516,-0.2785,-0.1973,-0.1240,-0.0495,0.0273,0.0988,0.1635,0.2254,0.2840,0.3391,0.3902,0.4370,0.4792,0.5163,0.5482,0.5745,0.5949,0.6091,0.6170,0.6181,0.6124,0.5996,0.5796,0.5521,0.5172,0.4746,0.4243,0.3663,0.3005,0.2269},
{-0.8515,-0.8452,-0.8444,-0.8362,-0.8289,-0.8225,-0.8206,-0.8255,-0.8227,-0.8210,-0.8203,-0.8206,-0.8219,-0.8241,-0.8272,-0.8311,-0.8359,-0.8414,-0.8476,-0.8545,-0.8621,-0.8701,-0.8787,-0.8877,-0.8971,-0.9068,-0.9168,-0.9270,-0.9374,-0.9478,-0.9583,-0.9687,-0.9772,-0.9879,-0.9984,-1.0094,-1.0207,-1.0315,-1.0417,-1.0514,-1.0605,-1.0689,-1.0765,-1.0834,-1.0895,-1.0947,-1.0989,-1.1022,-1.1045,-1.1057,-1.1059,-1.1049,-1.1028,-1.0995,-1.0951,-1.0894,-1.0824,-1.0743,-1.0648,-1.0542,-1.0422}
};
float winch_sc_pose22[2][61]=
{{0.2265,0.3213,0.4058,0.4801,0.5445,0.5990,0.6437,0.6788,0.7043,0.7206,0.7279,0.7263,0.7163,0.6980,0.6719,0.6382,0.5974,0.5498,0.4958,0.4359,0.3705,0.3000,0.2249,0.1457,0.0628,-0.0340,-0.1293,-0.2250,-0.3221,-0.4157,-0.5098,-0.6041,-0.6979,-0.7907,-0.8821,-0.9714,-1.0582,-1.1420,-1.2223,-1.2984,-1.3701,-1.4367,-1.4978,-1.5529,-1.5952,-1.6335,-1.6548,-1.6823,-1.7017,-1.7127,-1.7149,-1.7081,-1.6920,-1.6664,-1.6311,-1.5859,-1.5307,-1.4655,-1.3902,-1.3047,-1.2092},
{-1.0421,-1.0503,-1.0575,-1.0638,-1.0693,-1.0740,-1.0778,-1.0809,-1.0831,-1.0845,-1.0852,-1.0851,-1.0843,-1.0828,-1.0806,-1.0778,-1.0743,-1.0702,-1.0655,-1.0603,-1.0545,-1.0483,-1.0416,-1.0345,-1.0269,-1.0193,-1.0129,-1.0072,-1.0023,-0.9960,-0.9897,-0.9833,-0.9770,-0.9706,-0.9643,-0.9581,-0.9520,-0.9461,-0.9405,-0.9350,-0.9299,-0.9251,-0.9206,-0.9166,-0.9018,-0.8917,-0.8632,-0.8614,-0.8603,-0.8600,-0.8604,-0.8615,-0.8634,-0.8662,-0.8697,-0.8741,-0.8793,-0.8855,-0.8924,-0.9003,-0.9091}
};
float winch_sc_pose23[2][61]=
{{-1.2092,-1.2082,-1.2073,-1.2065,-1.2058,-1.2053,-1.2048,-1.2045,-1.2043,-1.2042,-1.2042,-1.2044,-1.2046,-1.2049,-1.2054,-1.2059,-1.2065,-1.2071,-1.2079,-1.2087,-1.2095,-1.2104,-1.2112,-1.2122,-1.2131,-1.2140,-1.2149,-1.2158,-1.2173,-1.2181,-1.2192,-1.2201,-1.2207,-1.2212,-1.2216,-1.2217,-1.2217,-1.2217,-1.2215,-1.2212,-1.2209,-1.2205,-1.2201,-1.2196,-1.2192,-1.2188,-1.2184,-1.2181,-1.2177,-1.2174,-1.2171,-1.2170,-1.2169,-1.2169,-1.2170,-1.2171,-1.2174,-1.2177,-1.2182,-1.2188,-1.2200},
{-0.9091,-0.9867,-1.0561,-1.1172,-1.1702,-1.2151,-1.2519,-1.2808,-1.3018,-1.3152,-1.3211,-1.3197,-1.3113,-1.2961,-1.2744,-1.2465,-1.2128,-1.1734,-1.1288,-1.0794,-1.0255,-0.9674,-0.9056,-0.8406,-0.7726,-0.7020,-0.6294,-0.5552,-0.4810,-0.4049,-0.3294,-0.2539,-0.1789,-0.1047,-0.0316,0.0397,0.1078,0.1756,0.2394,0.3000,0.3568,0.4096,0.4580,0.5015,0.5399,0.5728,0.6000,0.6210,0.6353,0.6432,0.6441,0.6378,0.6242,0.6029,0.5741,0.5371,0.4923,0.4394,0.3784,0.3093,0.2341}
};
float winch_sc_pose24[2][61]=
{{-1.2197,-1.2385,-1.2555,-1.2705,-1.2835,-1.2945,-1.3035,-1.3106,-1.3157,-1.3190,-1.3204,-1.3200,-1.3179,-1.3141,-1.3087,-1.3017,-1.2933,-1.2834,-1.2721,-1.2596,-1.2461,-1.2314,-1.2158,-1.1994,-1.1821,-1.1643,-1.1458,-1.1270,-1.1077,-1.0883,-1.0687,-1.0491,-1.0296,-1.0103,-0.9914,-0.9728,-0.9548,-0.9374,-0.9207,-0.9049,-0.8901,-0.8763,-0.8636,-0.8522,-0.8421,-0.8339,-0.8262,-0.8246,-0.8208,-0.8144,-0.8139,-0.8153,-0.8185,-0.8237,-0.8309,-0.8423,-0.8645,-0.8646,-0.8845,-0.9011,-0.9373},
{0.2324,0.1879,0.1485,0.1138,0.0841,0.0586,0.0378,0.0213,0.0088,0.0009,-0.0028,-0.0024,0.0018,0.0098,0.0216,0.0366,0.0549,0.0765,0.1003,0.1277,0.1581,0.1908,0.2257,0.2625,0.3010,0.3409,0.3821,0.4243,0.4672,0.5107,0.5544,0.5981,0.6416,0.6847,0.7270,0.7684,0.8085,0.8473,0.8844,0.9195,0.9526,0.9833,1.0114,1.0368,1.0592,1.0788,1.0943,1.1095,1.1182,1.1200,1.1208,1.1174,1.1098,1.0979,1.0815,1.0623,1.0459,1.0050,0.9743,0.9343,0.9076}
};
float winch_sc_pose25[2][61]=
{{-0.9373,-0.9579,-0.9946,-1.0269,-1.0549,-1.0786,-1.0980,-1.1132,-1.1242,-1.1312,-1.1341,-1.1332,-1.1286,-1.1204,-1.1087,-1.0937,-1.0755,-1.0544,-1.0305,-1.0040,-0.9752,-0.9441,-0.9110,-0.8762,-0.8398,-0.8021,-0.7777,-0.7371,-0.6968,-0.6577,-0.6168,-0.5737,-0.5315,-0.4901,-0.4432,-0.4095,-0.3712,-0.3343,-0.2991,-0.2657,-0.2344,-0.2053,-0.1787,-0.1548,-0.1337,-0.1155,-0.1006,-0.0890,-0.0809,-0.0764,-0.0757,-0.0788,-0.0860,-0.0973,-0.1128,-0.1325,-0.1566,-0.1850,-0.2177,-0.2552,-0.2970},
{0.9076,0.9291,0.9672,1.0008,1.0298,1.0544,1.0745,1.0903,1.1017,1.1089,1.1120,1.1111,1.1063,1.0977,1.0856,1.0700,1.0512,1.0293,1.0045,0.9770,0.9471,0.9148,0.8805,0.8444,0.8066,0.7675,0.7423,0.7002,0.6584,0.6180,0.5756,0.5309,0.4872,0.4443,0.3952,0.3607,0.3209,0.2827,0.2461,0.2115,0.1790,0.1488,0.1212,0.0964,0.0744,0.0556,0.0401,0.0281,0.0197,0.0150,0.0143,0.0176,0.0250,0.0368,0.0528,0.0733,0.0983,0.1278,0.1617,0.2007,0.2442}
};
float winch_sc_pose26[2][61]=
{{-0.2970,-0.3503,-0.3978,-0.4393,-0.4741,-0.5048,-0.5238,-0.5488,-0.5629,-0.5718,-0.5757,-0.5747,-0.5690,-0.5587,-0.5440,-0.5251,-0.5030,-0.4756,-0.4453,-0.4117,-0.3750,-0.3334,-0.2934,-0.2488,-0.2027,-0.1545,-0.1048,-0.0539,-0.0022,0.0504,0.1036,0.1562,0.2085,0.2606,0.3117,0.3617,0.4098,0.4562,0.5019,0.5426,0.5835,0.6183,0.6515,0.6816,0.7080,0.7308,0.7496,0.7642,0.7745,0.7802,0.7811,0.7772,0.7752,0.7603,0.7358,0.7119,0.6937,0.6455,0.6087,0.5589,0.5123},
{0.2442,0.3023,0.3539,0.3990,0.4369,0.4704,0.4911,0.5182,0.5336,0.5433,0.5476,0.5465,0.5403,0.5291,0.5132,0.4926,0.4685,0.4387,0.4058,0.3692,0.3293,0.2838,0.2404,0.1917,0.1416,0.0892,0.0350,-0.0204,-0.0768,-0.1339,-0.1916,-0.2490,-0.3061,-0.3627,-0.4184,-0.4727,-0.5253,-0.5759,-0.6253,-0.6701,-0.7143,-0.7528,-0.7891,-0.8221,-0.8509,-0.8758,-0.8964,-0.9124,-0.9236,-0.9298,-0.9308,-0.9265,-0.9226,-0.9065,-0.8811,-0.8547,-0.8318,-0.7824,-0.7410,-0.6874,-0.6349}
};
float winch_sc_pose27[2][61]=
{{0.5123,0.5811,0.6427,0.6971,0.7442,0.7842,0.8169,0.8427,0.8615,0.8735,0.8788,0.8777,0.8704,0.8570,0.8378,0.8131,0.7832,0.7483,0.7087,0.6648,0.6168,0.5652,0.5102,0.4523,0.3917,0.3289,0.2642,0.1980,0.1252,0.0554,-0.0191,-0.0936,-0.1669,-0.2343,-0.3006,-0.3654,-0.4282,-0.4887,-0.5466,-0.6015,-0.6530,-0.7009,-0.7447,-0.7842,-0.8190,-0.8489,-0.8736,-0.8928,-0.9062,-0.9137,-0.9149,-0.9097,-0.8979,-0.8794,-0.8539,-0.8214,-0.7818,-0.7349,-0.6807,-0.6191,-0.5502},
{-0.6349,-0.6207,-0.6081,-0.5969,-0.5872,-0.5790,-0.5723,-0.5671,-0.5633,-0.5609,-0.5599,-0.5602,-0.5618,-0.5647,-0.5688,-0.5740,-0.5803,-0.5877,-0.5960,-0.6052,-0.6152,-0.6260,-0.6374,-0.6495,-0.6621,-0.6752,-0.6886,-0.7023,-0.7152,-0.7297,-0.7446,-0.7607,-0.7776,-0.7935,-0.8091,-0.8243,-0.8390,-0.8531,-0.8665,-0.8792,-0.8911,-0.9021,-0.9122,-0.9212,-0.9292,-0.9360,-0.9416,-0.9459,-0.9489,-0.9506,-0.9508,-0.9496,-0.9468,-0.9425,-0.9367,-0.9292,-0.9201,-0.9094,-0.8970,-0.8829,-0.8672}
};
float winch_sc_pose28[2][61]=
{{-0.5502,-0.5563,-0.5617,-0.5664,-0.5705,-0.5740,-0.5769,-0.5792,-0.5809,-0.5820,-0.5825,-0.5825,-0.5819,-0.5809,-0.5752,-0.5706,-0.5674,-0.5718,-0.5639,-0.5565,-0.5526,-0.5503,-0.5431,-0.5464,-0.5321,-0.5266,-0.5198,-0.5132,-0.5082,-0.5052,-0.4995,-0.4938,-0.4878,-0.4749,-0.4767,-0.4683,-0.4639,-0.4601,-0.4555,-0.4518,-0.4484,-0.4451,-0.4413,-0.4390,-0.4347,-0.4323,-0.4304,-0.4288,-0.4277,-0.4271,-0.4269,-0.4273,-0.4282,-0.4296,-0.4316,-0.4340,-0.4371,-0.4411,-0.4451,-0.4500,-0.4554},
{-0.8672,-0.9198,-0.9668,-1.0081,-1.0439,-1.0742,-1.0990,-1.1184,-1.1325,-1.1414,-1.1452,-1.1442,-1.1384,-1.1280,-1.1111,-1.0907,-1.0672,-1.0444,-1.0115,-0.9757,-0.9389,-0.9005,-0.8567,-0.8176,-0.7649,-0.7164,-0.6655,-0.6136,-0.5621,-0.5122,-0.4595,-0.4069,-0.3541,-0.2905,-0.2512,-0.1942,-0.1461,-0.1018,-0.0546,-0.0144,0.0292,0.0651,0.0950,0.1271,0.1486,0.1714,0.1902,0.2048,0.2150,0.2206,0.2214,0.2172,0.2080,0.1936,0.1738,0.1485,0.1179,0.0834,0.0400,-0.0051,-0.0595}
};
float winch_sc_pose29[2][61]=
{{-0.4554,-0.4954,-0.5314,-0.5631,-0.5906,-0.6138,-0.6323,-0.6472,-0.6580,-0.6650,-0.6681,-0.6674,-0.6632,-0.6554,-0.6443,-0.6300,-0.6127,-0.5925,-0.5697,-0.5440,-0.5161,-0.4862,-0.4543,-0.4207,-0.3856,-0.3491,-0.3115,-0.2757,-0.2370,-0.1934,-0.1528,-0.1135,-0.0734,-0.0342,0.0048,0.0526,0.0906,0.1261,0.1601,0.1922,0.2223,0.2503,0.2759,0.2989,0.3191,0.3365,0.3508,0.3619,0.3696,0.3738,0.3744,0.3712,0.3642,0.3532,0.3382,0.3190,0.2957,0.2681,0.2362,0.1957,0.1559},
{-0.0595,-0.0082,0.0359,0.0750,0.1085,0.1369,0.1581,0.1765,0.1899,0.1984,0.2023,0.2015,0.1962,0.1865,0.1728,0.1551,0.1337,0.1088,0.0818,0.0488,0.0140,-0.0236,-0.0633,-0.1052,-0.1489,-0.1942,-0.2408,-0.2912,-0.3395,-0.3860,-0.4353,-0.4852,-0.5344,-0.5832,-0.6312,-0.6789,-0.7251,-0.7695,-0.8119,-0.8521,-0.8898,-0.9248,-0.9569,-0.9858,-1.0113,-1.0331,-1.0512,-1.0652,-1.0751,-1.0806,-1.0816,-1.0779,-1.0694,-1.0560,-1.0376,-1.0140,-0.9853,-0.9513,-0.9120,-0.8663,-0.8167}
};
float winch_sc_pose30[2][61]=
{{0.1559,0.2155,0.2654,0.3094,0.3476,0.3798,0.4063,0.4271,0.4422,0.4519,0.4562,0.4552,0.4493,0.4385,0.4230,0.4030,0.3788,0.3506,0.3186,0.2830,0.2442,0.2024,0.1578,0.1108,0.0545,-0.0006,-0.0509,-0.1095,-0.1629,-0.2218,-0.2831,-0.3384,-0.3934,-0.4479,-0.5014,-0.5537,-0.6045,-0.6535,-0.7003,-0.7448,-0.7829,-0.8207,-0.8583,-0.8881,-0.9162,-0.9405,-0.9606,-0.9761,-0.9871,-0.9886,-0.9873,-0.9831,-0.9734,-0.9582,-0.9373,-0.9107,-0.8782,-0.8398,-0.7954,-0.7451,-0.6889},
{-0.8167,-0.8405,-0.8611,-0.8793,-0.8950,-0.9083,-0.9192,-0.9278,-0.9340,-0.9380,-0.9397,-0.9393,-0.9368,-0.9323,-0.9259,-0.9175,-0.9075,-0.8957,-0.8823,-0.8675,-0.8513,-0.8338,-0.8152,-0.7955,-0.7742,-0.7532,-0.7318,-0.7105,-0.6882,-0.6671,-0.6475,-0.6258,-0.6042,-0.5828,-0.5618,-0.5413,-0.5213,-0.5021,-0.4837,-0.4662,-0.4435,-0.4258,-0.4154,-0.3977,-0.3853,-0.3753,-0.3670,-0.3605,-0.3560,-0.3402,-0.3326,-0.3346,-0.3388,-0.3452,-0.3541,-0.3653,-0.3790,-0.3951,-0.4137,-0.4348,-0.4583}
};
float winch_sc_pose31[2][61]=
{{-0.6889,-0.6607,-0.6308,-0.6033,-0.5815,-0.5631,-0.5529,-0.5453,-0.5372,-0.5321,-0.5299,-0.5307,-0.5316,-0.5379,-0.5468,-0.5581,-0.5715,-0.5855,-0.6049,-0.6275,-0.6472,-0.6709,-0.6945,-0.7245,-0.7514,-0.7810,-0.8088,-0.8418,-0.8730,-0.9044,-0.9354,-0.9672,-0.9991,-1.0306,-1.0617,-1.0919,-1.1213,-1.1498,-1.1768,-1.2025,-1.2266,-1.2489,-1.2694,-1.2879,-1.3042,-1.3182,-1.3297,-1.3387,-1.3450,-1.3484,-1.3490,-1.3467,-1.3412,-1.3326,-1.3208,-1.3057,-1.2873,-1.2657,-1.2406,-1.2122,-1.1805},
{-0.4583,-0.4902,-0.5120,-0.5303,-0.5486,-0.5641,-0.5813,-0.5949,-0.6023,-0.6070,-0.6092,-0.6089,-0.6038,-0.5987,-0.5914,-0.5818,-0.5699,-0.5543,-0.5402,-0.5260,-0.5047,-0.4846,-0.4607,-0.4431,-0.4180,-0.3947,-0.3650,-0.3445,-0.3184,-0.2915,-0.2622,-0.2349,-0.2089,-0.1834,-0.1584,-0.1339,-0.1103,-0.0896,-0.0675,-0.0466,-0.0263,-0.0086,0.0076,0.0221,0.0349,0.0458,0.0548,0.0617,0.0664,0.0689,0.0691,0.0668,0.0621,0.0548,0.0450,0.0324,0.0167,-0.0009,-0.0217,-0.0452,-0.0713}
};
float winch_sc_pose32[2][61]=
{{-1.1805,-1.2429,-1.2988,-1.3482,-1.3909,-1.4271,-1.4567,-1.4799,-1.4969,-1.5076,-1.5124,-1.5114,-1.5047,-1.4925,-1.4751,-1.4527,-1.4255,-1.3936,-1.3573,-1.3170,-1.2727,-1.2248,-1.1739,-1.1202,-1.0640,-1.0058,-0.9457,-0.8843,-0.8218,-0.7586,-0.6976,-0.6430,-0.5817,-0.5232,-0.4681,-0.4061,-0.3497,-0.2948,-0.2431,-0.1824,-0.1289,-0.0860,-0.0468,-0.0116,0.0195,0.0461,0.0679,0.0848,0.0966,0.1030,0.1039,0.0990,0.0881,0.0713,0.0482,0.0129,-0.0236,-0.0691,-0.1227,-0.1827,-0.2466},
{-0.0713,-0.0023,0.0598,0.1142,0.1613,0.2010,0.2335,0.2591,0.2779,0.2901,0.2959,0.2955,0.2891,0.2770,0.2594,0.2364,0.2085,0.1757,0.1379,0.0970,0.0490,-0.0026,-0.0584,-0.1173,-0.1789,-0.2429,-0.3090,-0.3766,-0.4455,-0.5153,-0.5887,-0.6671,-0.7365,-0.8064,-0.8759,-0.9393,-1.0028,-1.0640,-1.1227,-1.1765,-1.2286,-1.2778,-1.3230,-1.3636,-1.3995,-1.4303,-1.4558,-1.4757,-1.4897,-1.4976,-1.4992,-1.4942,-1.4826,-1.4640,-1.4385,-1.4056,-1.3658,-1.3189,-1.2650,-1.2043,-1.1363}
};
float winch_sc_pose33[2][61]=
{{-0.2466,-0.2119,-0.1776,-0.1484,-0.1217,-0.0995,-0.0820,-0.0648,-0.0587,-0.0453,-0.0412,-0.0506,-0.0450,-0.0519,-0.0658,-0.0869,-0.0977,-0.1198,-0.1395,-0.1619,-0.1860,-0.2158,-0.2415,-0.2711,-0.3016,-0.3329,-0.3691,-0.4010,-0.4352,-0.4695,-0.5059,-0.5415,-0.5707,-0.6050,-0.6358,-0.6678,-0.7008,-0.7326,-0.7629,-0.7918,-0.8187,-0.8439,-0.8661,-0.8877,-0.9041,-0.9194,-0.9318,-0.9415,-0.9483,-0.9521,-0.9538,-0.9510,-0.9449,-0.9354,-0.9224,-0.9058,-0.8855,-0.8615,-0.8338,-0.8024,-0.7673},
{-1.1363,-1.2028,-1.2618,-1.3141,-1.3593,-1.3977,-1.4292,-1.4537,-1.4718,-1.4829,-1.4877,-1.4864,-1.4786,-1.4650,-1.4460,-1.4219,-1.3920,-1.3579,-1.3189,-1.2756,-1.2285,-1.1784,-1.1240,-1.0672,-1.0078,-0.9460,-0.8839,-0.8184,-0.7526,-0.6859,-0.6203,-0.5546,-0.4824,-0.4163,-0.3461,-0.2787,-0.2171,-0.1577,-0.1010,-0.0497,0.0064,0.0533,0.0891,0.1344,0.1586,0.1874,0.2103,0.2284,0.2410,0.2480,0.2530,0.2475,0.2358,0.2176,0.1928,0.1613,0.1228,0.0773,0.0242,-0.0354,-0.1028}
};
float winch_sc_pose34[2][61]=
{{-0.7673,-0.7480,-0.7308,-0.7156,-0.7026,-0.6916,-0.6826,-0.6756,-0.6706,-0.6675,-0.6662,-0.6666,-0.6688,-0.6726,-0.6780,-0.6849,-0.6933,-0.7031,-0.7142,-0.7264,-0.7398,-0.7543,-0.7697,-0.7859,-0.8028,-0.8203,-0.8385,-0.8568,-0.8755,-0.8943,-0.9134,-0.9321,-0.9508,-0.9698,-0.9887,-1.0048,-1.0218,-1.0386,-1.0537,-1.0687,-1.0829,-1.0960,-1.1081,-1.1189,-1.1285,-1.1367,-1.1435,-1.1487,-1.1524,-1.1544,-1.1547,-1.1533,-1.1500,-1.1449,-1.1378,-1.1288,-1.1179,-1.1050,-1.0902,-1.0733,-1.0545},
{-0.1028,-0.1401,-0.1737,-0.2031,-0.2287,-0.2503,-0.2681,-0.2821,-0.2923,-0.2990,-0.3020,-0.3016,-0.2977,-0.2906,-0.2804,-0.2672,-0.2512,-0.2326,-0.2115,-0.1881,-0.1624,-0.1350,-0.1059,-0.0751,-0.0430,-0.0097,0.0290,0.0596,0.0951,0.1310,0.1677,0.2031,0.2388,0.2760,0.3131,0.3423,0.3751,0.4078,0.4367,0.4661,0.4937,0.5194,0.5428,0.5640,0.5827,0.5987,0.6119,0.6221,0.6292,0.6331,0.6337,0.6308,0.6244,0.6143,0.6006,0.5830,0.5617,0.5365,0.5074,0.4745,0.4377}
};
float winch_sc_pose35[2][61]=
{{-1.0545,-1.1310,-1.1994,-1.2598,-1.3121,-1.3564,-1.3926,-1.4210,-1.4417,-1.4548,-1.4604,-1.4588,-1.4503,-1.4350,-1.4133,-1.3854,-1.3517,-1.3125,-1.2681,-1.2189,-1.1653,-1.1077,-1.0464,-0.9828,-0.9168,-0.8479,-0.7759,-0.7013,-0.6256,-0.5487,-0.4713,-0.3943,-0.3179,-0.2426,-0.1686,-0.0963,-0.0261,0.0425,0.1074,0.1792,0.2432,0.2974,0.3469,0.3915,0.4307,0.4643,0.4920,0.5135,0.5284,0.5365,0.5377,0.5316,0.5180,0.4968,0.4678,0.4308,0.3857,0.3325,0.2710,0.1979,0.1157},
{0.4377,0.5093,0.5734,0.6299,0.6788,0.7203,0.7543,0.7809,0.8003,0.8126,0.8180,0.8166,0.8087,0.7946,0.7744,0.7484,0.7170,0.6805,0.6391,0.5932,0.5431,0.4892,0.4319,0.3740,0.3152,0.2539,0.1886,0.1187,0.0496,-0.0233,-0.0950,-0.1690,-0.2418,-0.3136,-0.3839,-0.4525,-0.5190,-0.5831,-0.6446,-0.7054,-0.7628,-0.8145,-0.8619,-0.9045,-0.9421,-0.9743,-1.0009,-1.0215,-1.0360,-1.0439,-1.0452,-1.0396,-1.0270,-1.0070,-0.9796,-0.9447,-0.9021,-0.8517,-0.7936,-0.7265,-0.6521}
};
float winch_sc_pose36[2][61]=
{{0.1157,0.1166,0.1128,0.1121,0.1110,0.1101,0.1093,0.1086,0.1082,0.1079,0.1078,0.1078,0.1080,0.1083,0.1088,0.1094,0.1102,0.1110,0.1120,0.1130,0.1141,0.1154,0.1169,0.1175,0.1220,0.1202,0.1221,0.1247,0.1268,0.1282,0.1294,0.1317,0.1329,0.1358,0.1399,0.1383,0.1434,0.1415,0.1422,0.1416,0.1428,0.1490,0.1495,0.1495,0.1504,0.1515,0.1528,0.1498,0.1509,0.1513,0.1530,0.1519,0.1500,0.1496,0.1549,0.1539,0.1488,0.1513,0.1497,0.1470,0.1407},
{-0.6521,-0.6382,-0.6249,-0.6137,-0.6038,-0.5955,-0.5887,-0.5834,-0.5795,-0.5770,-0.5759,-0.5762,-0.5777,-0.5805,-0.5845,-0.5897,-0.5960,-0.6033,-0.6115,-0.6207,-0.6307,-0.6415,-0.6530,-0.6650,-0.6782,-0.6908,-0.7044,-0.7185,-0.7327,-0.7470,-0.7613,-0.7758,-0.7901,-0.8045,-0.8189,-0.8320,-0.8459,-0.8580,-0.8701,-0.8813,-0.8922,-0.9032,-0.9123,-0.9205,-0.9278,-0.9342,-0.9395,-0.9429,-0.9458,-0.9474,-0.9479,-0.9465,-0.9437,-0.9397,-0.9353,-0.9283,-0.9191,-0.9098,-0.8983,-0.8850,-0.8697}
};
float winch_sc_pose37[2][61]=
{{0.1407,0.1783,0.2141,0.2407,0.2638,0.2834,0.2994,0.3120,0.3212,0.3271,0.3297,0.3292,0.3256,0.3191,0.3097,0.2976,0.2830,0.2659,0.2465,0.2250,0.2015,0.1762,0.1492,0.1190,0.0868,0.0534,0.0151,-0.0176,-0.0530,-0.0880,-0.1240,-0.1625,-0.1972,-0.2315,-0.2641,-0.2958,-0.3267,-0.3564,-0.3848,-0.4117,-0.4370,-0.4604,-0.4819,-0.5013,-0.5184,-0.5330,-0.5451,-0.5545,-0.5610,-0.5646,-0.5652,-0.5626,-0.5567,-0.5475,-0.5350,-0.5189,-0.4994,-0.4763,-0.4496,-0.4193,-0.3854},
{-0.8697,-0.8602,-0.8525,-0.8447,-0.8379,-0.8321,-0.8274,-0.8237,-0.8210,-0.8193,-0.8186,-0.8188,-0.8199,-0.8219,-0.8248,-0.8284,-0.8329,-0.8380,-0.8439,-0.8504,-0.8574,-0.8650,-0.8732,-0.8814,-0.8902,-0.8994,-0.9090,-0.9193,-0.9299,-0.9407,-0.9517,-0.9634,-0.9745,-0.9856,-0.9962,-1.0066,-1.0166,-1.0263,-1.0355,-1.0442,-1.0524,-1.0600,-1.0670,-1.0733,-1.0788,-1.0835,-1.0874,-1.0905,-1.0926,-1.0938,-1.0940,-1.0932,-1.0913,-1.0884,-1.0844,-1.0793,-1.0731,-1.0658,-1.0573,-1.0476,-1.0368}
};
float winch_sc_pose38[2][61]=
{{-0.3854,-0.3459,-0.3105,-0.2784,-0.2440,-0.2236,-0.2021,-0.1850,-0.1766,-0.1641,-0.1601,-0.1676,-0.1679,-0.1793,-0.1903,-0.2047,-0.2221,-0.2415,-0.2669,-0.2915,-0.3267,-0.3564,-0.3881,-0.4215,-0.4564,-0.4927,-0.5301,-0.5683,-0.6073,-0.6467,-0.6863,-0.7260,-0.7564,-0.7946,-0.8332,-0.8714,-0.9073,-0.9303,-0.9649,-0.9977,-1.0285,-1.0571,-1.0833,-1.1069,-1.1278,-1.1457,-1.1605,-1.1720,-1.1801,-1.1846,-1.1854,-1.1824,-1.1754,-1.1645,-1.1494,-1.1301,-1.1067,-1.0790,-1.0470,-1.0107,-0.9701},
{-1.0368,-1.0619,-1.0843,-1.1037,-1.1191,-1.1342,-1.1456,-1.1546,-1.1618,-1.1652,-1.1670,-1.1674,-1.1640,-1.1595,-1.1522,-1.1430,-1.1319,-1.1187,-1.1045,-1.0880,-1.0726,-1.0536,-1.0334,-1.0121,-0.9898,-0.9667,-0.9429,-0.9186,-0.8938,-0.8687,-0.8436,-0.8184,-0.7845,-0.7582,-0.7331,-0.7094,-0.6847,-0.6440,-0.6219,-0.6011,-0.5815,-0.5633,-0.5467,-0.5318,-0.5187,-0.5074,-0.4982,-0.4911,-0.4861,-0.4835,-0.4832,-0.4853,-0.4900,-0.4972,-0.5071,-0.5196,-0.5348,-0.5528,-0.5735,-0.5970,-0.6232}
};
float winch_sc_pose39[2][61]=
{{-0.9701,-1.0122,-1.0498,-1.0829,-1.1116,-1.1359,-1.1558,-1.1714,-1.1827,-1.1899,-1.1929,-1.1921,-1.1874,-1.1789,-1.1670,-1.1516,-1.1331,-1.1114,-1.0869,-1.0598,-1.0301,-0.9982,-0.9643,-0.9285,-0.8911,-0.8523,-0.8124,-0.7715,-0.7389,-0.7019,-0.6608,-0.6201,-0.5821,-0.5421,-0.5019,-0.4680,-0.4264,-0.3898,-0.3535,-0.3215,-0.2884,-0.2587,-0.2316,-0.2072,-0.1860,-0.1682,-0.1491,-0.1329,-0.1245,-0.1200,-0.1197,-0.1235,-0.1378,-0.1489,-0.1640,-0.1843,-0.2095,-0.2400,-0.2739,-0.3152,-0.3568},
{-0.6232,-0.6162,-0.6100,-0.6044,-0.5996,-0.5955,-0.5921,-0.5895,-0.5875,-0.5861,-0.5854,-0.5854,-0.5860,-0.5872,-0.5889,-0.5912,-0.5940,-0.5973,-0.6011,-0.6053,-0.6100,-0.6150,-0.6204,-0.6261,-0.6321,-0.6384,-0.6449,-0.6515,-0.6683,-0.6798,-0.6868,-0.6941,-0.7032,-0.7100,-0.7159,-0.7250,-0.7282,-0.7334,-0.7378,-0.7431,-0.7468,-0.7507,-0.7543,-0.7577,-0.7607,-0.7634,-0.7647,-0.7657,-0.7669,-0.7676,-0.7678,-0.7674,-0.7676,-0.7659,-0.7636,-0.7608,-0.7577,-0.7543,-0.7501,-0.7467,-0.7411}
};
float winch_sc_pose40[2][61]=
{{-0.3568,-0.3350,-0.3155,-0.2983,-0.2833,-0.2688,-0.2550,-0.2466,-0.2406,-0.2365,-0.2369,-0.2371,-0.2396,-0.2442,-0.2498,-0.2581,-0.2674,-0.2793,-0.2904,-0.3026,-0.3231,-0.3394,-0.3568,-0.3751,-0.3942,-0.4141,-0.4345,-0.4555,-0.4767,-0.4982,-0.5199,-0.5415,-0.5629,-0.5842,-0.6050,-0.6254,-0.6451,-0.6641,-0.6823,-0.6996,-0.7157,-0.7308,-0.7445,-0.7569,-0.7678,-0.7772,-0.7849,-0.7910,-0.7952,-0.7975,-0.7979,-0.7963,-0.7926,-0.7868,-0.7788,-0.7686,-0.7562,-0.7415,-0.7246,-0.7053,-0.6837},
{-0.7411,-0.7217,-0.7042,-0.6888,-0.6755,-0.6634,-0.6528,-0.6454,-0.6402,-0.6367,-0.6361,-0.6363,-0.6386,-0.6425,-0.6478,-0.6551,-0.6636,-0.6739,-0.6846,-0.6963,-0.7124,-0.7272,-0.7429,-0.7594,-0.7767,-0.7946,-0.8130,-0.8319,-0.8510,-0.8704,-0.8899,-0.9093,-0.9287,-0.9478,-0.9665,-0.9848,-1.0026,-1.0197,-1.0361,-1.0516,-1.0662,-1.0797,-1.0921,-1.1032,-1.1131,-1.1215,-1.1285,-1.1339,-1.1377,-1.1399,-1.1403,-1.1389,-1.1356,-1.1305,-1.1234,-1.1143,-1.1033,-1.0902,-1.0750,-1.0579,-1.0386}
};
float winch_sc_pose41[2][61]=
{{-0.6837,-0.6508,-0.6213,-0.5954,-0.5730,-0.5540,-0.5385,-0.5263,-0.5174,-0.5118,-0.5093,-0.5099,-0.5134,-0.5199,-0.5291,-0.5409,-0.5553,-0.5720,-0.5909,-0.6120,-0.6349,-0.6597,-0.6861,-0.7139,-0.7430,-0.7733,-0.8044,-0.8364,-0.8689,-0.9018,-0.9349,-0.9680,-1.0010,-1.0336,-1.0657,-1.0971,-1.1276,-1.1515,-1.1775,-1.2078,-1.2273,-1.2490,-1.2691,-1.2847,-1.3001,-1.3069,-1.3190,-1.3285,-1.3352,-1.3389,-1.3404,-1.3372,-1.3316,-1.3227,-1.3104,-1.2947,-1.2755,-1.2529,-1.2267,-1.1971,-1.1640},
{-1.0386,-1.0323,-1.0267,-1.0218,-1.0175,-1.0139,-1.0109,-1.0086,-1.0069,-1.0058,-1.0053,-1.0054,-1.0060,-1.0072,-1.0089,-1.0111,-1.0138,-1.0170,-1.0205,-1.0245,-1.0288,-1.0334,-1.0383,-1.0435,-1.0490,-1.0546,-1.0604,-1.0664,-1.0724,-1.0786,-1.0847,-1.0908,-1.0970,-1.1030,-1.1089,-1.1147,-1.1203,-1.1201,-1.1229,-1.1316,-1.1301,-1.1323,-1.1347,-1.1338,-1.1349,-1.1284,-1.1304,-1.1321,-1.1332,-1.1339,-1.1350,-1.1338,-1.1329,-1.1315,-1.1295,-1.1269,-1.1237,-1.1200,-1.1156,-1.1107,-1.1052}
};
float winch_sc_pose42[2][61]=
{{-1.1640,-1.1932,-1.2193,-1.2423,-1.2622,-1.2790,-1.2930,-1.3035,-1.3112,-1.3161,-1.3182,-1.3175,-1.3141,-1.3082,-1.2998,-1.2890,-1.2761,-1.2610,-1.2439,-1.2250,-1.2044,-1.1822,-1.1586,-1.1337,-1.1077,-1.0807,-1.0530,-1.0246,-0.9957,-0.9665,-0.9388,-0.9089,-0.8799,-0.8499,-0.8207,-0.7916,-0.7636,-0.7364,-0.7105,-0.6858,-0.6627,-0.6411,-0.6214,-0.6035,-0.5877,-0.5742,-0.5629,-0.5541,-0.5480,-0.5445,-0.5438,-0.5460,-0.5511,-0.5585,-0.5639,-0.5793,-0.5979,-0.6111,-0.6330,-0.6627,-0.6960},
{-1.1052,-1.2076,-1.2991,-1.3797,-1.4494,-1.5083,-1.5567,-1.5942,-1.6216,-1.6388,-1.6461,-1.6439,-1.6323,-1.6118,-1.5827,-1.5454,-1.5003,-1.4479,-1.3886,-1.3229,-1.2512,-1.1741,-1.0921,-1.0058,-0.9155,-0.8220,-0.7257,-0.6273,-0.5272,-0.4260,-0.3289,-0.2272,-0.1307,-0.0279,0.0690,0.1628,0.2565,0.3462,0.4322,0.5138,0.5905,0.6616,0.7269,0.7856,0.8374,0.8819,0.9186,0.9470,0.9669,0.9778,0.9794,0.9714,0.9535,0.9250,0.8829,0.8344,0.7751,0.6978,0.6124,0.5199,0.4165}
};
float winch_sc_pose43[2][61]=
{{-0.6960,-0.6548,-0.6241,-0.5963,-0.5690,-0.5509,-0.5358,-0.5223,-0.5120,-0.5069,-0.5041,-0.5049,-0.5092,-0.5168,-0.5302,-0.5437,-0.5584,-0.5781,-0.6003,-0.6245,-0.6515,-0.6805,-0.7114,-0.7439,-0.7780,-0.8132,-0.8496,-0.8865,-0.9237,-0.9608,-0.9978,-1.0350,-1.0723,-1.1091,-1.1454,-1.1808,-1.2153,-1.2485,-1.2804,-1.3106,-1.3391,-1.3655,-1.3898,-1.4117,-1.4311,-1.4478,-1.4616,-1.4724,-1.4801,-1.4845,-1.4854,-1.4829,-1.4767,-1.4668,-1.4531,-1.4355,-1.4140,-1.3886,-1.3592,-1.3258,-1.2884},
{0.4165,0.5223,0.6231,0.7094,0.7811,0.8450,0.8969,0.9365,0.9651,0.9840,0.9922,0.9905,0.9793,0.9590,0.9313,0.8937,0.8470,0.7940,0.7340,0.6670,0.5943,0.5161,0.4328,0.3447,0.2531,0.1577,0.0612,-0.0379,-0.1385,-0.2394,-0.3412,-0.4447,-0.5481,-0.6504,-0.7510,-0.8494,-0.9450,-1.0373,-1.1256,-1.2095,-1.2883,-1.3616,-1.4289,-1.4896,-1.5433,-1.5895,-1.6277,-1.6575,-1.6786,-1.6905,-1.6929,-1.6854,-1.6679,-1.6400,-1.6015,-1.5522,-1.4921,-1.4209,-1.3385,-1.2451,-1.1404}
};
float winch_sc_pose44[2][61]=
{{-1.2884,-1.3275,-1.3625,-1.3933,-1.4199,-1.4424,-1.4607,-1.4751,-1.4854,-1.4919,-1.4945,-1.4935,-1.4889,-1.4808,-1.4694,-1.4548,-1.4372,-1.4167,-1.3936,-1.3680,-1.3401,-1.3101,-1.2781,-1.2445,-1.2093,-1.1729,-1.1354,-1.0971,-1.0581,-1.0187,-0.9791,-0.9557,-0.9166,-0.8792,-0.8414,-0.8044,-0.7686,-0.7341,-0.7012,-0.6700,-0.6408,-0.6139,-0.5892,-0.5671,-0.5479,-0.5311,-0.5177,-0.5065,-0.4988,-0.4960,-0.4954,-0.4982,-0.5033,-0.5131,-0.5273,-0.5499,-0.5713,-0.5918,-0.6218,-0.6598,-0.6963},
{-1.1404,-1.1640,-1.1850,-1.2035,-1.2194,-1.2329,-1.2439,-1.2525,-1.2587,-1.2625,-1.2640,-1.2633,-1.2604,-1.2554,-1.2484,-1.2395,-1.2288,-1.2163,-1.2023,-1.1867,-1.1698,-1.1516,-1.1322,-1.1118,-1.0905,-1.0685,-1.0458,-1.0226,-0.9991,-0.9753,-0.9514,-0.9438,-0.9202,-0.8979,-0.8748,-0.8524,-0.8306,-0.8095,-0.7895,-0.7705,-0.7527,-0.7363,-0.7212,-0.7077,-0.6960,-0.6857,-0.6775,-0.6705,-0.6658,-0.6642,-0.6638,-0.6655,-0.6684,-0.6743,-0.6830,-0.6975,-0.7105,-0.7218,-0.7400,-0.7639,-0.7856}
};
float winch_sc_pose45[2][61]=
{{-0.7063,-0.7230,-0.7272,-0.7393,-0.7509,-0.7607,-0.7742,-0.7865,-0.7860,-0.7940,-0.7953,-0.7951,-0.7933,-0.7901,-0.7855,-0.7796,-0.7724,-0.7640,-0.7544,-0.7438,-0.7323,-0.7198,-0.7065,-0.6925,-0.6779,-0.6627,-0.6471,-0.6311,-0.6148,-0.5984,-0.5819,-0.5654,-0.5489,-0.5327,-0.5168,-0.5012,-0.4861,-0.4716,-0.4577,-0.4445,-0.4321,-0.4207,-0.4035,-0.4007,-0.3857,-0.3788,-0.3731,-0.3681,-0.3649,-0.3673,-0.3630,-0.3642,-0.3670,-0.3779,-0.3840,-0.3918,-0.4013,-0.4125,-0.4255,-0.4402,-0.4568},
{-0.7945,-0.7961,-0.7876,-0.7879,-0.7890,-0.7899,-0.7960,-0.8025,-0.7980,-0.8033,-0.8035,-0.8035,-0.8034,-0.8032,-0.8028,-0.8023,-0.8016,-0.8009,-0.8000,-0.7991,-0.7980,-0.7969,-0.7957,-0.7944,-0.7931,-0.7917,-0.7903,-0.7888,-0.7873,-0.7858,-0.7843,-0.7828,-0.7812,-0.7798,-0.7783,-0.7768,-0.7755,-0.7741,-0.7728,-0.7716,-0.7705,-0.7694,-0.7649,-0.7676,-0.7634,-0.7629,-0.7625,-0.7620,-0.7617,-0.7637,-0.7617,-0.7618,-0.7621,-0.7657,-0.7664,-0.7671,-0.7681,-0.7692,-0.7705,-0.7720,-0.7736}
};
float winch_sc_pose46[2][61]=
{{-0.4568,-0.5163,-0.5696,-0.6165,-0.6572,-0.6916,-0.7198,-0.7419,-0.7580,-0.7683,-0.7728,-0.7717,-0.7652,-0.7536,-0.7369,-0.7155,-0.6895,-0.6592,-0.6249,-0.5868,-0.5452,-0.5005,-0.4528,-0.4025,-0.3500,-0.2955,-0.2393,-0.1800,-0.1209,-0.0535,0.0072,0.0708,0.1346,0.1949,0.2525,0.3088,0.3634,0.4161,0.4664,0.5142,0.5590,0.6007,0.6388,0.6732,0.7035,0.7296,0.7510,0.7677,0.7794,0.7858,0.7869,0.7823,0.7720,0.7559,0.7336,0.7053,0.6708,0.6300,0.5829,0.5295,0.4698},
{-0.7736,-0.7683,-0.7635,-0.7593,-0.7557,-0.7527,-0.7502,-0.7482,-0.7468,-0.7459,-0.7456,-0.7458,-0.7464,-0.7475,-0.7491,-0.7511,-0.7535,-0.7563,-0.7594,-0.7629,-0.7666,-0.7707,-0.7750,-0.7795,-0.7842,-0.7890,-0.7940,-0.7986,-0.8038,-0.8085,-0.8145,-0.8209,-0.8279,-0.8349,-0.8414,-0.8477,-0.8538,-0.8596,-0.8652,-0.8705,-0.8754,-0.8800,-0.8842,-0.8879,-0.8912,-0.8940,-0.8963,-0.8980,-0.8993,-0.8999,-0.9000,-0.8994,-0.8982,-0.8964,-0.8940,-0.8908,-0.8870,-0.8825,-0.8774,-0.8715,-0.8649}
};
float winch_sc_pose47[2][61]=
{{0.4698,0.5181,0.5612,0.5992,0.6321,0.6599,0.6828,0.7007,0.7138,0.7222,0.7259,0.7252,0.7201,0.7109,0.6976,0.6804,0.6596,0.6353,0.6078,0.5772,0.5437,0.5076,0.4692,0.4286,0.3861,0.3419,0.2894,0.2497,0.1976,0.1470,0.0999,0.0513,0.0032,-0.0439,-0.0900,-0.1350,-0.1786,-0.2206,-0.2607,-0.2987,-0.3344,-0.3676,-0.3979,-0.4253,-0.4494,-0.4700,-0.4870,-0.5003,-0.5105,-0.5073,-0.5081,-0.5045,-0.4965,-0.4839,-0.4666,-0.4450,-0.4183,-0.3915,-0.3538,-0.3112,-0.2634},
{-0.8649,-0.9259,-0.9804,-1.0284,-1.0700,-1.1051,-1.1339,-1.1565,-1.1729,-1.1833,-1.1879,-1.1868,-1.1801,-1.1681,-1.1510,-1.1290,-1.1024,-1.0714,-1.0362,-0.9972,-0.9545,-0.9086,-0.8597,-0.8081,-0.7541,-0.6980,-0.6369,-0.5810,-0.5190,-0.4574,-0.3968,-0.3359,-0.2756,-0.2160,-0.1576,-0.1006,-0.0452,0.0081,0.0591,0.1074,0.1528,0.1950,0.2335,0.2683,0.2989,0.3251,0.3467,0.3636,0.3766,0.3718,0.3728,0.3682,0.3579,0.3417,0.3195,0.2918,0.2577,0.2257,0.1779,0.1237,0.0627}
};
float winch_sc_pose48[2][61]=
{{-0.2634,-0.2128,-0.1684,-0.1285,-0.0945,-0.0679,-0.0425,-0.0240,-0.0131,-0.0044,-0.0007,-0.0041,-0.0095,-0.0191,-0.0329,-0.0455,-0.0674,-0.0928,-0.1217,-0.1554,-0.1900,-0.2274,-0.2673,-0.3093,-0.3539,-0.3991,-0.4467,-0.4962,-0.5453,-0.5952,-0.6433,-0.6903,-0.7397,-0.7886,-0.8367,-0.8838,-0.9296,-0.9737,-1.0160,-1.0561,-1.0938,-1.1289,-1.1611,-1.1901,-1.2158,-1.2378,-1.2561,-1.2703,-1.2803,-1.2859,-1.2869,-1.2833,-1.2748,-1.2613,-1.2428,-1.2191,-1.1902,-1.1561,-1.1167,-1.0720,-1.0220},
{0.0627,0.1189,0.1696,0.2133,0.2514,0.2842,0.3100,0.3306,0.3457,0.3552,0.3594,0.3585,0.3525,0.3419,0.3266,0.3061,0.2819,0.2537,0.2218,0.1876,0.1490,0.1074,0.0631,0.0140,-0.0353,-0.0814,-0.1352,-0.1917,-0.2450,-0.3000,-0.3512,-0.4011,-0.4557,-0.5097,-0.5628,-0.6148,-0.6652,-0.7139,-0.7605,-0.8047,-0.8463,-0.8850,-0.9204,-0.9524,-0.9806,-1.0048,-1.0249,-1.0405,-1.0515,-1.0576,-1.0587,-1.0546,-1.0452,-1.0303,-1.0098,-0.9837,-0.9518,-0.9141,-0.8706,-0.8213,-0.7661}
};
float winch_sc_pose49[2][61]=
{{-1.0220,-1.0654,-1.1043,-1.1386,-1.1683,-1.1935,-1.2141,-1.2303,-1.2420,-1.2494,-1.2527,-1.2518,-1.2469,-1.2382,-1.2259,-1.2100,-1.1908,-1.1684,-1.1431,-1.1150,-1.0844,-1.0514,-1.0163,-0.9930,-0.9555,-0.9157,-0.8752,-0.8337,-0.7973,-0.7500,-0.7159,-0.6730,-0.6303,-0.5881,-0.5466,-0.5061,-0.4661,-0.4291,-0.3885,-0.3551,-0.3221,-0.2917,-0.2644,-0.2392,-0.2162,-0.1915,-0.1749,-0.1621,-0.1533,-0.1487,-0.1483,-0.1524,-0.1623,-0.1746,-0.1917,-0.2151,-0.2365,-0.2757,-0.3064,-0.3477,-0.3906},
{-0.7661,-0.7582,-0.7511,-0.7448,-0.7394,-0.7348,-0.7309,-0.7279,-0.7257,-0.7242,-0.7235,-0.7235,-0.7242,-0.7256,-0.7277,-0.7303,-0.7336,-0.7375,-0.7419,-0.7468,-0.7522,-0.7580,-0.7642,-0.7882,-0.7957,-0.8022,-0.8095,-0.8168,-0.8299,-0.8329,-0.8477,-0.8545,-0.8613,-0.8679,-0.8745,-0.8808,-0.8866,-0.8930,-0.8967,-0.9026,-0.9074,-0.9121,-0.9166,-0.9204,-0.9236,-0.9254,-0.9278,-0.9298,-0.9312,-0.9320,-0.9322,-0.9318,-0.9311,-0.9293,-0.9270,-0.9244,-0.9196,-0.9179,-0.9116,-0.9069,-0.9003}
};
