float winch_sc_pose1[2][61]=
{{0.0000,-0.0684,-0.1293,-0.1829,-0.2291,-0.2681,-0.2998,-0.3245,-0.3422,-0.3531,-0.3572,-0.3548,-0.3462,-0.3314,-0.3108,-0.2846,-0.2531,-0.2166,-0.1753,-0.1295,-0.0796,-0.0259,0.0313,0.0916,0.1547,0.2203,0.2878,0.3563,0.4293,0.5004,0.5631,0.6341,0.7073,0.7748,0.8437,0.9112,0.9768,1.0402,1.1009,1.1586,1.2129,1.2635,1.3100,1.3519,1.3891,1.4212,1.4479,1.4689,1.4839,1.4926,1.4949,1.4906,1.4794,1.4613,1.4360,1.4035,1.3638,1.3167,1.2624,1.2008,1.1320},
{0.0000,0.0531,0.1003,0.1418,0.1776,0.2078,0.2324,0.2516,0.2653,0.2737,0.2769,0.2751,0.2683,0.2569,0.2408,0.2205,0.1961,0.1678,0.1358,0.1003,0.0617,0.0201,-0.0242,-0.0709,-0.1198,-0.1706,-0.2229,-0.2756,-0.3333,-0.3881,-0.4318,-0.4862,-0.5437,-0.5940,-0.6468,-0.6984,-0.7487,-0.7972,-0.8436,-0.8878,-0.9294,-0.9680,-1.0036,-1.0357,-1.0642,-1.0887,-1.1091,-1.1252,-1.1366,-1.1433,-1.1451,-1.1418,-1.1332,-1.1193,-1.1000,-1.0752,-1.0448,-1.0088,-0.9672,-0.9201,-0.8674}
};
float winch_sc_pose2[2][61]=
{{1.1320,1.1791,1.2213,1.2584,1.2905,1.3176,1.3397,1.3568,1.3691,1.3766,1.3795,1.3778,1.3717,1.3614,1.3469,1.3286,1.3065,1.2809,1.2520,1.2200,1.1945,1.1626,1.1232,1.0831,1.0474,1.0027,0.9568,0.9098,0.8620,0.8137,0.7651,0.7166,0.6684,0.6207,0.5738,0.5280,0.4836,0.4408,0.3999,0.3591,0.3177,0.2850,0.2510,0.2204,0.1935,0.1759,0.1514,0.1366,0.1263,0.1205,0.1194,0.1232,0.1323,0.1460,0.1652,0.1897,0.2196,0.2548,0.2936,0.3352,0.3818},
{-0.8674,-0.8497,-0.8338,-0.8198,-0.8077,-0.7975,-0.7891,-0.7825,-0.7777,-0.7747,-0.7733,-0.7737,-0.7756,-0.7792,-0.7842,-0.7907,-0.7985,-0.8077,-0.8181,-0.8296,-0.8555,-0.8760,-0.8902,-0.9068,-0.9310,-0.9469,-0.9634,-0.9802,-0.9973,-1.0146,-1.0320,-1.0494,-1.0667,-1.0838,-1.1006,-1.1170,-1.1329,-1.1482,-1.1629,-1.1763,-1.1880,-1.2007,-1.2114,-1.2212,-1.2300,-1.2385,-1.2441,-1.2492,-1.2529,-1.2551,-1.2557,-1.2547,-1.2521,-1.2478,-1.2419,-1.2343,-1.2252,-1.2146,-1.2021,-1.1873,-1.1708}
};
float winch_sc_pose3[2][61]=
{{0.3818,0.4068,0.4291,0.4488,0.4658,0.4801,0.4917,0.5008,0.5074,0.5114,0.5130,0.5122,0.5092,0.5039,0.4964,0.4870,0.4755,0.4623,0.4473,0.4307,0.4125,0.3930,0.3723,0.3504,0.3275,0.3038,0.2794,0.2543,0.2289,0.2024,0.1742,0.1462,0.1182,0.0904,0.0631,0.0364,0.0105,-0.0147,-0.0387,-0.0615,-0.0830,-0.1029,-0.1206,-0.1378,-0.1516,-0.1636,-0.1732,-0.1807,-0.1860,-0.1890,-0.1897,-0.1879,-0.1837,-0.1769,-0.1675,-0.1539,-0.1381,-0.1189,-0.0964,-0.0715,-0.0434},
{-1.1708,-1.1635,-1.1570,-1.1513,-1.1463,-1.1421,-1.1387,-1.1361,-1.1342,-1.1330,-1.1325,-1.1327,-1.1336,-1.1352,-1.1373,-1.1401,-1.1434,-1.1472,-1.1516,-1.1564,-1.1617,-1.1673,-1.1733,-1.1797,-1.1863,-1.1932,-1.2002,-1.2075,-1.2148,-1.2222,-1.2293,-1.2366,-1.2439,-1.2512,-1.2585,-1.2657,-1.2728,-1.2798,-1.2865,-1.2929,-1.2990,-1.3047,-1.3099,-1.3148,-1.3190,-1.3226,-1.3255,-1.3278,-1.3294,-1.3303,-1.3304,-1.3299,-1.3285,-1.3264,-1.3235,-1.3195,-1.3148,-1.3093,-1.3029,-1.2958,-1.2880}
};
float winch_sc_pose4[2][61]=
{{-0.0434,-0.0315,-0.0183,-0.0094,-0.0003,0.0066,0.0118,0.0161,0.0204,0.0241,0.0326,0.0220,0.0216,0.0178,0.0146,0.0103,0.0058,-0.0012,-0.0099,-0.0175,-0.0252,-0.0340,-0.0428,-0.0524,-0.0633,-0.0733,-0.0842,-0.0956,-0.1067,-0.1180,-0.1294,-0.1405,-0.1516,-0.1621,-0.1683,-0.1792,-0.1876,-0.2019,-0.2029,-0.1943,-0.2008,-0.2070,-0.2129,-0.2184,-0.2235,-0.2280,-0.2319,-0.2351,-0.2376,-0.2393,-0.2402,-0.2634,-0.2687,-0.2713,-0.2913,-0.2848,-0.2770,-0.2679,-0.2575,-0.2457,-0.2326},
{-1.2880,-1.4291,-1.5551,-1.6661,-1.7620,-1.8429,-1.9089,-1.9602,-1.9969,-2.0195,-2.0283,-2.0232,-2.0053,-1.9747,-1.9321,-1.8779,-1.8128,-1.7373,-1.6522,-1.5581,-1.4557,-1.3457,-1.2288,-1.1058,-0.9775,-0.8445,-0.7077,-0.5680,-0.4258,-0.2822,-0.1380,0.0070,0.1499,0.2916,0.4294,0.5663,0.6985,0.8276,0.9483,1.0617,1.1711,1.2729,1.3664,1.4509,1.5258,1.5903,1.6440,1.6861,1.7163,1.7338,1.7384,1.7326,1.7108,1.6748,1.6277,1.5616,1.4805,1.3846,1.2736,1.1476,1.0067}
};
float winch_sc_pose5[2][61]=
{{-0.2326,-0.3268,-0.4111,-0.4854,-0.5499,-0.6044,-0.6491,-0.6841,-0.7095,-0.7256,-0.7326,-0.7306,-0.7200,-0.7011,-0.6741,-0.6394,-0.5973,-0.5483,-0.4926,-0.4308,-0.3632,-0.2902,-0.2124,-0.1073,-0.0229,0.0795,0.1576,0.2486,0.3413,0.4360,0.5317,0.6278,0.7231,0.8145,0.9054,0.9910,1.0771,1.1603,1.2400,1.3159,1.3873,1.4539,1.5151,1.5704,1.6196,1.6620,1.6974,1.7253,1.7454,1.7573,1.7607,1.7554,1.7410,1.7175,1.6845,1.6420,1.5899,1.5279,1.4563,1.3748,1.2836},
{1.0067,1.1204,1.2220,1.3117,1.3892,1.4547,1.5083,1.5501,1.5802,1.5990,1.6066,1.6034,1.5896,1.5657,1.5321,1.4891,1.4372,1.3769,1.3087,1.2330,1.1505,1.0616,0.9670,0.8637,0.7614,0.6571,0.5470,0.4354,0.3213,0.2059,0.0898,-0.0257,-0.1389,-0.2422,-0.3508,-0.4503,-0.5543,-0.6547,-0.7508,-0.8422,-0.9281,-1.0082,-1.0817,-1.1482,-1.2071,-1.2579,-1.3003,-1.3336,-1.3575,-1.3715,-1.3754,-1.3687,-1.3512,-1.3226,-1.2827,-1.2312,-1.1682,-1.0934,-1.0068,-0.9085,-0.7983}
};
float winch_sc_pose6[2][61]=
{{1.2836,1.3182,1.3491,1.3763,1.3998,1.4196,1.4358,1.4483,1.4573,1.4628,1.4649,1.4636,1.4592,1.4516,1.4410,1.4275,1.4114,1.3926,1.3715,1.3481,1.3226,1.2952,1.2661,1.2355,1.2034,1.1703,1.1361,1.1012,1.0657,1.0299,0.9939,0.9579,0.9221,0.8868,0.8521,0.8182,0.7853,0.7536,0.7233,0.6946,0.6676,0.6426,0.6196,0.6023,0.5806,0.5687,0.5517,0.5415,0.5342,0.5352,0.5371,0.5311,0.5427,0.5506,0.5616,0.5749,0.5941,0.6174,0.6443,0.6749,0.7091},
{-0.7983,-0.8172,-0.8341,-0.8490,-0.8618,-0.8726,-0.8814,-0.8883,-0.8931,-0.8961,-0.8972,-0.8964,-0.8939,-0.8897,-0.8838,-0.8764,-0.8675,-0.8571,-0.8455,-0.8326,-0.8186,-0.8035,-0.7875,-0.7706,-0.7530,-0.7348,-0.7161,-0.6969,-0.6774,-0.6578,-0.6380,-0.6183,-0.5987,-0.5794,-0.5603,-0.5418,-0.5238,-0.5065,-0.4899,-0.4742,-0.4594,-0.4457,-0.4332,-0.4267,-0.4118,-0.4087,-0.3961,-0.3905,-0.3865,-0.3913,-0.3948,-0.3847,-0.3959,-0.3994,-0.4040,-0.4090,-0.4189,-0.4316,-0.4462,-0.4628,-0.4814}
};
float winch_sc_pose7[2][61]=
{{0.7091,0.8201,0.9192,1.0065,1.0820,1.1457,1.1977,1.2381,1.2672,1.2851,1.2921,1.2885,1.2747,1.2509,1.2177,1.1754,1.1246,1.0656,0.9990,0.9253,0.8450,0.7588,0.6749,0.5790,0.4754,0.3693,0.2590,0.1463,0.0318,-0.0861,-0.2109,-0.3223,-0.4481,-0.5648,-0.6793,-0.7911,-0.8996,-1.0041,-1.1040,-1.1988,-1.2878,-1.3705,-1.4464,-1.5149,-1.5754,-1.6275,-1.6708,-1.7046,-1.7286,-1.7424,-1.7456,-1.7379,-1.7190,-1.6885,-1.6463,-1.5922,-1.5260,-1.4476,-1.3570,-1.2543,-1.1393},
{-0.4814,-0.5871,-0.6815,-0.7646,-0.8364,-0.8971,-0.9466,-0.9851,-1.0127,-1.0298,-1.0365,-1.0332,-1.0201,-0.9976,-0.9660,-0.9259,-0.8776,-0.8215,-0.7582,-0.6880,-0.6117,-0.5295,-0.4540,-0.3638,-0.2644,-0.1637,-0.0578,0.0503,0.1600,0.2716,0.3882,0.4976,0.6163,0.7284,0.8384,0.9459,1.0500,1.1504,1.2464,1.3375,1.4231,1.5026,1.5755,1.6414,1.6996,1.7498,1.7914,1.8240,1.8472,1.8607,1.8639,1.8566,1.8386,1.8095,1.7691,1.7174,1.6540,1.5790,1.4922,1.3937,1.2836}
};
float winch_sc_pose1[2][61]=
{{0.0000,-0.0684,-0.1293,-0.1829,-0.2291,-0.2681,-0.2998,-0.3245,-0.3422,-0.3531,-0.3572,-0.3548,-0.3462,-0.3314,-0.3108,-0.2846,-0.2531,-0.2166,-0.1753,-0.1295,-0.0796,-0.0259,0.0313,0.0916,0.1547,0.2203,0.2878,0.3563,0.4293,0.5004,0.5631,0.6341,0.7073,0.7748,0.8437,0.9112,0.9768,1.0402,1.1009,1.1586,1.2129,1.2635,1.3100,1.3519,1.3891,1.4212,1.4479,1.4689,1.4839,1.4926,1.4949,1.4906,1.4794,1.4613,1.4360,1.4035,1.3638,1.3167,1.2624,1.2008,1.1320},
{0.0000,0.0531,0.1003,0.1418,0.1776,0.2078,0.2324,0.2516,0.2653,0.2737,0.2769,0.2751,0.2683,0.2569,0.2408,0.2205,0.1961,0.1678,0.1358,0.1003,0.0617,0.0201,-0.0242,-0.0709,-0.1198,-0.1706,-0.2229,-0.2756,-0.3333,-0.3881,-0.4318,-0.4862,-0.5437,-0.5940,-0.6468,-0.6984,-0.7487,-0.7972,-0.8436,-0.8878,-0.9294,-0.9680,-1.0036,-1.0357,-1.0642,-1.0887,-1.1091,-1.1252,-1.1366,-1.1433,-1.1451,-1.1418,-1.1332,-1.1193,-1.1000,-1.0752,-1.0448,-1.0088,-0.9672,-0.9201,-0.8674}
};
float winch_sc_pose2[2][61]=
{{1.1320,1.1791,1.2213,1.2584,1.2905,1.3176,1.3397,1.3568,1.3691,1.3766,1.3795,1.3778,1.3717,1.3614,1.3469,1.3286,1.3065,1.2809,1.2520,1.2200,1.1945,1.1626,1.1232,1.0831,1.0474,1.0027,0.9568,0.9098,0.8620,0.8137,0.7651,0.7166,0.6684,0.6207,0.5738,0.5280,0.4836,0.4408,0.3999,0.3591,0.3177,0.2850,0.2510,0.2204,0.1935,0.1759,0.1514,0.1366,0.1263,0.1205,0.1194,0.1232,0.1323,0.1460,0.1652,0.1897,0.2196,0.2548,0.2936,0.3352,0.3818},
{-0.8674,-0.8497,-0.8338,-0.8198,-0.8077,-0.7975,-0.7891,-0.7825,-0.7777,-0.7747,-0.7733,-0.7737,-0.7756,-0.7792,-0.7842,-0.7907,-0.7985,-0.8077,-0.8181,-0.8296,-0.8555,-0.8760,-0.8902,-0.9068,-0.9310,-0.9469,-0.9634,-0.9802,-0.9973,-1.0146,-1.0320,-1.0494,-1.0667,-1.0838,-1.1006,-1.1170,-1.1329,-1.1482,-1.1629,-1.1763,-1.1880,-1.2007,-1.2114,-1.2212,-1.2300,-1.2385,-1.2441,-1.2492,-1.2529,-1.2551,-1.2557,-1.2547,-1.2521,-1.2478,-1.2419,-1.2343,-1.2252,-1.2146,-1.2021,-1.1873,-1.1708}
};
float winch_sc_pose3[2][61]=
{{0.3818,0.4068,0.4291,0.4488,0.4658,0.4801,0.4917,0.5008,0.5074,0.5114,0.5130,0.5122,0.5092,0.5039,0.4964,0.4870,0.4755,0.4623,0.4473,0.4307,0.4125,0.3930,0.3723,0.3504,0.3275,0.3038,0.2794,0.2543,0.2289,0.2024,0.1742,0.1462,0.1182,0.0904,0.0631,0.0364,0.0105,-0.0147,-0.0387,-0.0615,-0.0830,-0.1029,-0.1206,-0.1378,-0.1516,-0.1636,-0.1732,-0.1807,-0.1860,-0.1890,-0.1897,-0.1879,-0.1837,-0.1769,-0.1675,-0.1539,-0.1381,-0.1189,-0.0964,-0.0715,-0.0434},
{-1.1708,-1.1635,-1.1570,-1.1513,-1.1463,-1.1421,-1.1387,-1.1361,-1.1342,-1.1330,-1.1325,-1.1327,-1.1336,-1.1352,-1.1373,-1.1401,-1.1434,-1.1472,-1.1516,-1.1564,-1.1617,-1.1673,-1.1733,-1.1797,-1.1863,-1.1932,-1.2002,-1.2075,-1.2148,-1.2222,-1.2293,-1.2366,-1.2439,-1.2512,-1.2585,-1.2657,-1.2728,-1.2798,-1.2865,-1.2929,-1.2990,-1.3047,-1.3099,-1.3148,-1.3190,-1.3226,-1.3255,-1.3278,-1.3294,-1.3303,-1.3304,-1.3299,-1.3285,-1.3264,-1.3235,-1.3195,-1.3148,-1.3093,-1.3029,-1.2958,-1.2880}
};
float winch_sc_pose4[2][61]=
{{-0.0434,-0.0315,-0.0183,-0.0094,-0.0003,0.0066,0.0118,0.0161,0.0204,0.0241,0.0326,0.0220,0.0216,0.0178,0.0146,0.0103,0.0058,-0.0012,-0.0099,-0.0175,-0.0252,-0.0340,-0.0428,-0.0524,-0.0633,-0.0733,-0.0842,-0.0956,-0.1067,-0.1180,-0.1294,-0.1405,-0.1516,-0.1621,-0.1683,-0.1792,-0.1876,-0.2019,-0.2029,-0.1943,-0.2008,-0.2070,-0.2129,-0.2184,-0.2235,-0.2280,-0.2319,-0.2351,-0.2376,-0.2393,-0.2402,-0.2634,-0.2687,-0.2713,-0.2913,-0.2848,-0.2770,-0.2679,-0.2575,-0.2457,-0.2326},
{-1.2880,-1.4291,-1.5551,-1.6661,-1.7620,-1.8429,-1.9089,-1.9602,-1.9969,-2.0195,-2.0283,-2.0232,-2.0053,-1.9747,-1.9321,-1.8779,-1.8128,-1.7373,-1.6522,-1.5581,-1.4557,-1.3457,-1.2288,-1.1058,-0.9775,-0.8445,-0.7077,-0.5680,-0.4258,-0.2822,-0.1380,0.0070,0.1499,0.2916,0.4294,0.5663,0.6985,0.8276,0.9483,1.0617,1.1711,1.2729,1.3664,1.4509,1.5258,1.5903,1.6440,1.6861,1.7163,1.7338,1.7384,1.7326,1.7108,1.6748,1.6277,1.5616,1.4805,1.3846,1.2736,1.1476,1.0067}
};
float winch_sc_pose5[2][61]=
{{-0.2326,-0.3268,-0.4111,-0.4854,-0.5499,-0.6044,-0.6491,-0.6841,-0.7095,-0.7256,-0.7326,-0.7306,-0.7200,-0.7011,-0.6741,-0.6394,-0.5973,-0.5483,-0.4926,-0.4308,-0.3632,-0.2902,-0.2124,-0.1073,-0.0229,0.0795,0.1576,0.2486,0.3413,0.4360,0.5317,0.6278,0.7231,0.8145,0.9054,0.9910,1.0771,1.1603,1.2400,1.3159,1.3873,1.4539,1.5151,1.5704,1.6196,1.6620,1.6974,1.7253,1.7454,1.7573,1.7607,1.7554,1.7410,1.7175,1.6845,1.6420,1.5899,1.5279,1.4563,1.3748,1.2836},
{1.0067,1.1204,1.2220,1.3117,1.3892,1.4547,1.5083,1.5501,1.5802,1.5990,1.6066,1.6034,1.5896,1.5657,1.5321,1.4891,1.4372,1.3769,1.3087,1.2330,1.1505,1.0616,0.9670,0.8637,0.7614,0.6571,0.5470,0.4354,0.3213,0.2059,0.0898,-0.0257,-0.1389,-0.2422,-0.3508,-0.4503,-0.5543,-0.6547,-0.7508,-0.8422,-0.9281,-1.0082,-1.0817,-1.1482,-1.2071,-1.2579,-1.3003,-1.3336,-1.3575,-1.3715,-1.3754,-1.3687,-1.3512,-1.3226,-1.2827,-1.2312,-1.1682,-1.0934,-1.0068,-0.9085,-0.7983}
};
