float winch_sc_pose1[2][61]=
{{0.0000,0.0085,0.0161,0.0227,0.0283,0.0331,0.0370,0.0401,0.0423,0.0437,0.0443,0.0441,0.0432,0.0415,0.0392,0.0361,0.0325,0.0282,0.0233,0.0179,0.0119,0.0056,-0.0012,-0.0084,-0.0160,-0.0238,-0.0320,-0.0405,-0.0495,-0.0589,-0.0676,-0.0772,-0.0866,-0.0904,-0.1006,-0.1149,-0.1203,-0.1223,-0.1377,-0.1385,-0.1498,-0.1563,-0.1682,-0.1732,-0.1733,-0.1813,-0.1821,-0.1865,-0.1881,-0.1888,-0.1887,-0.1878,-0.1860,-0.1831,-0.1788,-0.1742,-0.1691,-0.1628,-0.1547,-0.1454,-0.1359},
{0.0000,-0.0830,-0.1571,-0.2224,-0.2788,-0.3264,-0.3654,-0.3959,-0.4181,-0.4320,-0.4380,-0.4362,-0.4270,-0.4104,-0.3869,-0.3568,-0.3202,-0.2777,-0.2296,-0.1761,-0.1177,-0.0548,0.0122,0.0829,0.1569,0.2337,0.3129,0.3941,0.4768,0.5606,0.6449,0.7294,0.8135,0.8962,0.9783,1.0591,1.1367,1.2112,1.2841,1.3518,1.4166,1.4764,1.5320,1.5815,1.6248,1.6629,1.6937,1.7182,1.7353,1.7449,1.7467,1.7405,1.7260,1.7030,1.6715,1.6312,1.5821,1.5242,1.4572,1.3813,1.2966}
};
float winch_sc_pose2[2][61]=
{{-0.1359,-0.1386,-0.1408,-0.1428,-0.1446,-0.1460,-0.1472,-0.1479,-0.1486,-0.1495,-0.1497,-0.1497,-0.1494,-0.1486,-0.1480,-0.1474,-0.1463,-0.1450,-0.1436,-0.1421,-0.1404,-0.1385,-0.1365,-0.1345,-0.1323,-0.1299,-0.1243,-0.1252,-0.1200,-0.1196,-0.1166,-0.1147,-0.1113,-0.1097,-0.1068,-0.1050,-0.1033,-0.1014,-0.0996,-0.0977,-0.0958,-0.0949,-0.0925,-0.0911,-0.0899,-0.0889,-0.0900,-0.0895,-0.0892,-0.0888,-0.0886,-0.0885,-0.0885,-0.0879,-0.0888,-0.0900,-0.0914,-0.0930,-0.0946,-0.0963,-0.0981},
{1.2966,1.3124,1.3265,1.3389,1.3497,1.3588,1.3663,1.3721,1.3763,1.3790,1.3801,1.3798,1.3780,1.3748,1.3703,1.3645,1.3575,1.3494,1.3401,1.3299,1.3187,1.3067,1.2939,1.2804,1.2663,1.2517,1.2362,1.2212,1.2052,1.1896,1.1736,1.1577,1.1417,1.1261,1.1107,1.0957,1.0812,1.0671,1.0537,1.0410,1.0290,1.0180,1.0077,0.9985,0.9904,0.9834,0.9779,0.9734,0.9703,0.9685,0.9682,0.9693,0.9720,0.9761,0.9819,0.9893,0.9984,1.0091,1.0215,1.0355,1.0512}
};
float winch_sc_pose3[2][61]=
{{-0.0982,-0.1307,-0.1654,-0.1914,-0.2133,-0.2317,-0.2469,-0.2588,-0.2674,-0.2729,-0.2753,-0.2747,-0.2712,-0.2649,-0.2559,-0.2444,-0.2304,-0.2141,-0.1956,-0.1751,-0.1527,-0.1275,-0.0989,-0.0707,-0.0405,-0.0098,0.0216,0.0542,0.0891,0.1234,0.1558,0.1922,0.2248,0.2565,0.2877,0.3182,0.3477,0.3763,0.4035,0.4294,0.4537,0.4762,0.4969,0.5155,0.5319,0.5460,0.5576,0.5666,0.5729,0.5764,0.5769,0.5744,0.5688,0.5600,0.5479,0.5325,0.5138,0.4917,0.4662,0.4372,0.4049},
{1.0512,1.0398,1.0307,1.0220,1.0144,1.0079,1.0026,0.9985,0.9955,0.9936,0.9927,0.9930,0.9942,0.9964,0.9996,1.0037,1.0086,1.0144,1.0208,1.0281,1.0359,1.0443,1.0530,1.0626,1.0726,1.0831,1.0940,1.1052,1.1169,1.1288,1.1405,1.1530,1.1649,1.1766,1.1881,1.1993,1.2102,1.2206,1.2307,1.2402,1.2491,1.2573,1.2649,1.2718,1.2778,1.2829,1.2872,1.2905,1.2928,1.2941,1.2943,1.2934,1.2914,1.2882,1.2838,1.2782,1.2714,1.2633,1.2540,1.2435,1.2317}
};
float winch_sc_pose4[2][61]=
{{0.4049,0.4178,0.4293,0.4395,0.4483,0.4558,0.4619,0.4667,0.4702,0.4724,0.4733,0.4731,0.4717,0.4692,0.4656,0.4609,0.4553,0.4487,0.4413,0.4330,0.4240,0.4143,0.4039,0.3930,0.3816,0.3698,0.3576,0.3451,0.3324,0.3195,0.3066,0.2937,0.2808,0.2681,0.2556,0.2434,0.2316,0.2202,0.2082,0.1974,0.1872,0.1776,0.1689,0.1619,0.1551,0.1480,0.1426,0.1387,0.1360,0.1347,0.1345,0.1356,0.1381,0.1412,0.1473,0.1544,0.1621,0.1714,0.1819,0.1952,0.2085},
{1.2317,1.2285,1.2256,1.2231,1.2209,1.2190,1.2175,1.2163,1.2154,1.2149,1.2147,1.2147,1.2151,1.2157,1.2166,1.2178,1.2192,1.2209,1.2228,1.2248,1.2271,1.2296,1.2322,1.2349,1.2378,1.2408,1.2438,1.2470,1.2502,1.2534,1.2566,1.2599,1.2631,1.2663,1.2694,1.2725,1.2755,1.2783,1.2809,1.2834,1.2858,1.2880,1.2900,1.2920,1.2936,1.2949,1.2960,1.2969,1.2975,1.2979,1.2979,1.2977,1.2972,1.2962,1.2952,1.2938,1.2919,1.2898,1.2873,1.2846,1.2815}
};
float winch_sc_pose5[2][61]=
{{0.2085,0.1931,0.1818,0.1716,0.1624,0.1539,0.1470,0.1416,0.1377,0.1351,0.1340,0.1341,0.1356,0.1383,0.1421,0.1471,0.1531,0.1600,0.1674,0.1758,0.1848,0.1958,0.2077,0.2209,0.2298,0.2447,0.2570,0.2696,0.2823,0.2952,0.3082,0.3212,0.3341,0.3469,0.3594,0.3716,0.3835,0.3949,0.4059,0.4163,0.4260,0.4351,0.4433,0.4508,0.4574,0.4631,0.4677,0.4714,0.4739,0.4753,0.4756,0.4746,0.4724,0.4690,0.4642,0.4581,0.4507,0.4419,0.4318,0.4203,0.4074},
{1.2815,1.3026,1.3218,1.3388,1.3534,1.3657,1.3758,1.3837,1.3894,1.3931,1.3946,1.3941,1.3917,1.3874,1.3813,1.3734,1.3639,1.3529,1.3403,1.3263,1.3111,1.2949,1.2778,1.2599,1.2402,1.2210,1.2005,1.1796,1.1584,1.1369,1.1153,1.0937,1.0722,1.0510,1.0301,1.0097,0.9900,0.9710,0.9528,0.9355,0.9193,0.9043,0.8905,0.8781,0.8671,0.8577,0.8500,0.8439,0.8397,0.8374,0.8370,0.8386,0.8422,0.8480,0.8559,0.8660,0.8784,0.8930,0.9098,0.9290,0.9503}
};
float winch_sc_pose6[2][61]=
{{0.4074,0.3781,0.3519,0.3288,0.3088,0.2918,0.2764,0.2641,0.2545,0.2510,0.2487,0.2494,0.2486,0.2586,0.2670,0.2759,0.2907,0.3071,0.3250,0.3438,0.3644,0.3865,0.4101,0.4350,0.4593,0.4867,0.5157,0.5414,0.5709,0.6024,0.6318,0.6599,0.6886,0.7168,0.7452,0.7733,0.8006,0.8263,0.8390,0.8634,0.8864,0.9077,0.9272,0.9448,0.9603,0.9737,0.9847,0.9933,0.9993,1.0027,1.0033,1.0011,0.9960,0.9879,0.9768,0.9626,0.9452,0.9247,0.9010,0.8740,0.8439},
{0.9503,0.9798,1.0061,1.0293,1.0494,1.0664,1.0799,1.0905,1.0981,1.1035,1.1057,1.1052,1.1010,1.0961,1.0878,1.0766,1.0642,1.0495,1.0327,1.0138,0.9931,0.9708,0.9471,0.9222,0.8952,0.8683,0.8411,0.8108,0.7820,0.7543,0.7248,0.6940,0.6640,0.6341,0.6053,0.5776,0.5507,0.5240,0.4778,0.4538,0.4313,0.4104,0.3913,0.3741,0.3590,0.3460,0.3353,0.3270,0.3212,0.3181,0.3176,0.3200,0.3253,0.3335,0.3447,0.3590,0.3764,0.3970,0.4207,0.4476,0.4777}
};
float winch_sc_pose7[2][61]=
{{0.8439,0.8507,0.8567,0.8621,0.8667,0.8706,0.8737,0.8762,0.8780,0.8792,0.8797,0.8795,0.8787,0.8773,0.8754,0.8729,0.8699,0.8664,0.8624,0.8580,0.8532,0.8480,0.8425,0.8367,0.8307,0.8244,0.8179,0.8112,0.8045,0.7977,0.7908,0.7858,0.7771,0.7703,0.7658,0.7583,0.7521,0.7448,0.7390,0.7335,0.7291,0.7236,0.7192,0.7152,0.7117,0.7087,0.7075,0.7044,0.7029,0.7022,0.7020,0.7043,0.7037,0.7064,0.7080,0.7112,0.7151,0.7197,0.7251,0.7311,0.7404},
{0.4777,0.4863,0.4940,0.5008,0.5067,0.5116,0.5157,0.5189,0.5212,0.5226,0.5232,0.5231,0.5221,0.5204,0.5179,0.5147,0.5109,0.5065,0.5015,0.4959,0.4898,0.4832,0.4763,0.4689,0.4612,0.4532,0.4450,0.4366,0.4280,0.4194,0.4107,0.4056,0.3933,0.3847,0.3806,0.3702,0.3625,0.3524,0.3450,0.3381,0.3331,0.3254,0.3198,0.3148,0.3104,0.3066,0.3064,0.3013,0.2993,0.2983,0.2981,0.3030,0.3002,0.3048,0.3058,0.3099,0.3148,0.3207,0.3275,0.3352,0.3493}
};
float winch_sc_pose8[2][61]=
{{0.7403,0.7844,0.8260,0.8627,0.8945,0.9215,0.9436,0.9609,0.9736,0.9816,0.9851,0.9843,0.9792,0.9700,0.9569,0.9400,0.9195,0.8957,0.8687,0.8395,0.8106,0.7802,0.7434,0.7055,0.6656,0.6260,0.5833,0.5396,0.4952,0.4469,0.4051,0.3600,0.3102,0.2645,0.2204,0.1772,0.1338,0.0928,0.0495,0.0045,-0.0322,-0.0640,-0.0932,-0.1194,-0.1424,-0.1622,-0.1785,-0.1912,-0.2000,-0.2048,-0.2055,-0.2019,-0.1939,-0.1814,-0.1644,-0.1426,-0.1161,-0.0765,-0.0422,0.0030,0.0519},
{0.3491,0.3004,0.2615,0.2272,0.1974,0.1722,0.1515,0.1352,0.1233,0.1156,0.1121,0.1128,0.1173,0.1256,0.1376,0.1531,0.1720,0.1939,0.2189,0.2494,0.2905,0.3327,0.3659,0.4028,0.4406,0.4820,0.5218,0.5626,0.6041,0.6437,0.6883,0.7305,0.7705,0.8119,0.8531,0.8932,0.9321,0.9697,1.0056,1.0401,1.0728,1.1032,1.1311,1.1561,1.1783,1.1973,1.2130,1.2252,1.2338,1.2386,1.2395,1.2364,1.2291,1.2175,1.2016,1.1813,1.1566,1.1266,1.0930,1.0548,1.0124}
};
float winch_sc_pose9[2][61]=
{{0.0519,0.0014,-0.0415,-0.0839,-0.1170,-0.1460,-0.1681,-0.1855,-0.1981,-0.2062,-0.2097,-0.2089,-0.2039,-0.1948,-0.1818,-0.1651,-0.1448,-0.1211,-0.0943,-0.0635,-0.0293,0.0082,0.0506,0.0912,0.1347,0.1814,0.2232,0.2713,0.3224,0.3689,0.4157,0.4625,0.5090,0.5551,0.6004,0.6446,0.6876,0.7291,0.7687,0.8064,0.8417,0.8746,0.9047,0.9318,0.9557,0.9763,0.9932,1.0064,1.0156,1.0207,1.0215,1.0179,1.0098,0.9970,0.9795,0.9571,0.9299,0.8978,0.8600,0.8186,0.7717},
{1.0124,1.0221,1.0310,1.0394,1.0465,1.0527,1.0576,1.0614,1.0642,1.0660,1.0667,1.0665,1.0653,1.0633,1.0603,1.0565,1.0519,1.0465,1.0404,1.0336,1.0261,1.0182,1.0101,1.0017,0.9930,0.9846,0.9747,0.9659,0.9581,0.9485,0.9389,0.9293,0.9197,0.9103,0.9010,0.8919,0.8830,0.8745,0.8663,0.8585,0.8512,0.8444,0.8382,0.8326,0.8276,0.8234,0.8198,0.8171,0.8151,0.8140,0.8138,0.8144,0.8160,0.8186,0.8221,0.8266,0.8320,0.8385,0.8453,0.8545,0.8640}
};
float winch_sc_pose10[2][61]=
{{0.7717,0.8076,0.8398,0.8676,0.8927,0.9134,0.9305,0.9438,0.9536,0.9598,0.9625,0.9618,0.9579,0.9509,0.9408,0.9278,0.9121,0.8938,0.8731,0.8500,0.8249,0.7979,0.7691,0.7387,0.7070,0.6741,0.6402,0.6055,0.5702,0.5345,0.4987,0.4628,0.4272,0.3919,0.3573,0.3235,0.2884,0.2577,0.2244,0.1930,0.1636,0.1366,0.1115,0.0892,0.0696,0.0529,0.0397,0.0296,0.0224,0.0186,0.0167,0.0200,0.0272,0.0380,0.0529,0.0719,0.0950,0.1218,0.1532,0.1885,0.2265},
{0.8640,0.8536,0.8443,0.8356,0.8289,0.8229,0.8180,0.8141,0.8113,0.8096,0.8088,0.8090,0.8102,0.8123,0.8153,0.8191,0.8238,0.8292,0.8352,0.8420,0.8494,0.8573,0.8658,0.8747,0.8840,0.8936,0.9036,0.9138,0.9241,0.9346,0.9451,0.9556,0.9660,0.9763,0.9865,0.9964,1.0053,1.0149,1.0231,1.0311,1.0387,1.0460,1.0527,1.0589,1.0644,1.0692,1.0732,1.0763,1.0785,1.0797,1.0800,1.0791,1.0773,1.0744,1.0704,1.0654,1.0593,1.0523,1.0443,1.0355,1.0256}
};
float winch_sc_pose11[2][61]=
{{0.2264,0.2098,0.1914,0.1787,0.1670,0.1564,0.1480,0.1407,0.1356,0.1322,0.1307,0.1308,0.1326,0.1360,0.1410,0.1475,0.1553,0.1645,0.1750,0.1865,0.1989,0.2118,0.2271,0.2423,0.2563,0.2718,0.2873,0.3032,0.3193,0.3356,0.3520,0.3684,0.3847,0.4008,0.4166,0.4321,0.4471,0.4616,0.4754,0.4885,0.5008,0.5123,0.5227,0.5322,0.5405,0.5477,0.5536,0.5581,0.5614,0.5631,0.5634,0.5622,0.5594,0.5550,0.5489,0.5412,0.5318,0.5206,0.5078,0.4932,0.4768},
{1.0256,1.0465,1.0645,1.0811,1.0953,1.1073,1.1172,1.1248,1.1304,1.1339,1.1355,1.1350,1.1327,1.1285,1.1226,1.1150,1.1058,1.0951,1.0830,1.0696,1.0550,1.0392,1.0228,1.0053,0.9866,0.9674,0.9476,0.9272,0.9065,0.8856,0.8646,0.8436,0.8227,0.8021,0.7818,0.7619,0.7427,0.7242,0.7065,0.6897,0.6739,0.6592,0.6458,0.6338,0.6231,0.6140,0.6064,0.6005,0.5964,0.5942,0.5938,0.5954,0.5990,0.6046,0.6124,0.6223,0.6343,0.6486,0.6650,0.6837,0.7046}
};
float winch_sc_pose12[2][61]=
{{0.4768,0.4821,0.4868,0.4909,0.4945,0.4975,0.5000,0.5020,0.5034,0.5043,0.5047,0.5046,0.5041,0.5030,0.5016,0.4997,0.4974,0.4948,0.4918,0.4884,0.4848,0.4809,0.4767,0.4723,0.4677,0.4629,0.4580,0.4529,0.4443,0.4391,0.4338,0.4285,0.4232,0.4185,0.4115,0.4119,0.4021,0.3988,0.3923,0.3939,0.3856,0.3813,0.3831,0.3768,0.3713,0.3751,0.3659,0.3645,0.3635,0.3629,0.3628,0.3705,0.3714,0.3729,0.3748,0.3773,0.3803,0.3839,0.3845,0.3927,0.3925},
{0.7046,0.7073,0.7098,0.7120,0.7138,0.7154,0.7167,0.7178,0.7185,0.7190,0.7192,0.7192,0.7189,0.7184,0.7176,0.7166,0.7154,0.7141,0.7125,0.7107,0.7088,0.7068,0.7046,0.7023,0.6999,0.6974,0.6948,0.6922,0.6872,0.6846,0.6818,0.6790,0.6762,0.6739,0.6700,0.6708,0.6652,0.6636,0.6600,0.6614,0.6567,0.6544,0.6557,0.6522,0.6492,0.6516,0.6463,0.6456,0.6451,0.6448,0.6448,0.6492,0.6497,0.6504,0.6514,0.6527,0.6543,0.6562,0.6563,0.6608,0.6603}
};
float winch_sc_pose13[2][61]=
{{0.3925,0.3722,0.3417,0.3209,0.3020,0.2871,0.2749,0.2653,0.2583,0.2591,0.2569,0.2573,0.2601,0.2653,0.2727,0.2792,0.2906,0.3039,0.3159,0.3323,0.3504,0.3698,0.3906,0.4125,0.4357,0.4600,0.4863,0.5119,0.5415,0.5670,0.5927,0.6184,0.6389,0.6636,0.6880,0.7119,0.7351,0.7576,0.7782,0.7986,0.8178,0.8357,0.8521,0.8669,0.8800,0.8912,0.9005,0.9077,0.8997,0.9026,0.9080,0.9060,0.8968,0.8899,0.8804,0.8682,0.8534,0.8359,0.8157,0.7927,0.7834},
{0.6603,0.6605,0.6537,0.6513,0.6488,0.6472,0.6459,0.6449,0.6442,0.6458,0.6455,0.6456,0.6459,0.6465,0.6473,0.6471,0.6484,0.6499,0.6501,0.6518,0.6537,0.6558,0.6580,0.6604,0.6631,0.6661,0.6701,0.6733,0.6795,0.6824,0.6853,0.6882,0.6864,0.6885,0.6907,0.6928,0.6950,0.6970,0.6979,0.6998,0.7016,0.7033,0.7048,0.7063,0.7076,0.7087,0.7096,0.7103,0.6939,0.6942,0.7006,0.7004,0.6938,0.6933,0.6925,0.6915,0.6903,0.6888,0.6872,0.6852,0.7013}
};
float winch_sc_pose14[2][61]=
{{0.7834,0.7766,0.7752,0.7786,0.7815,0.7840,0.7860,0.7877,0.7888,0.7896,0.7900,0.7900,0.7896,0.7888,0.7876,0.7862,0.7844,0.7823,0.7799,0.7772,0.7743,0.7711,0.7678,0.7642,0.7605,0.7566,0.7526,0.7485,0.7443,0.7401,0.7358,0.7316,0.7273,0.7243,0.7199,0.7149,0.7116,0.7086,0.7035,0.7001,0.6968,0.6938,0.6911,0.6886,0.6864,0.6845,0.6837,0.6824,0.6815,0.6810,0.6809,0.6813,0.6821,0.6834,0.6851,0.6874,0.6903,0.6936,0.6965,0.7015,0.7063},
{0.7013,0.7197,0.7416,0.7660,0.7871,0.8050,0.8197,0.8312,0.8397,0.8450,0.8474,0.8469,0.8436,0.8375,0.8289,0.8178,0.8043,0.7886,0.7708,0.7511,0.7295,0.7063,0.6816,0.6556,0.6283,0.6001,0.5710,0.5412,0.5110,0.4804,0.4496,0.4189,0.3883,0.3604,0.3304,0.2994,0.2729,0.2484,0.2182,0.1937,0.1706,0.1492,0.1296,0.1119,0.0963,0.0833,0.0795,0.0709,0.0649,0.0616,0.0610,0.0634,0.0686,0.0770,0.0884,0.1030,0.1221,0.1432,0.1638,0.1942,0.2250}
};
float winch_sc_pose15[2][61]=
{{0.7063,0.7228,0.7381,0.7524,0.7647,0.7751,0.7836,0.7902,0.7951,0.7982,0.7995,0.7992,0.7975,0.7940,0.7889,0.7822,0.7742,0.7649,0.7542,0.7426,0.7299,0.7156,0.7007,0.6871,0.6683,0.6591,0.6431,0.6278,0.6167,0.6002,0.5836,0.5670,0.5504,0.5340,0.5178,0.5020,0.4866,0.4718,0.4575,0.4440,0.4312,0.4194,0.4085,0.3987,0.3899,0.3824,0.3762,0.3714,0.3679,0.3659,0.3655,0.3666,0.3693,0.3738,0.3799,0.3877,0.3973,0.4086,0.4217,0.4366,0.4532},
{0.2250,0.1528,0.0871,0.0330,-0.0137,-0.0528,-0.0851,-0.1105,-0.1291,-0.1410,-0.1464,-0.1455,-0.1394,-0.1266,-0.1075,-0.0829,-0.0530,-0.0182,0.0214,0.0683,0.1160,0.1651,0.2202,0.2836,0.3387,0.4147,0.4801,0.5483,0.6217,0.6901,0.7589,0.8278,0.8964,0.9642,1.0310,1.0963,1.1598,1.2210,1.2797,1.3353,1.3877,1.4363,1.4810,1.5212,1.5568,1.5874,1.6127,1.6324,1.6462,1.6540,1.6554,1.6504,1.6386,1.6199,1.5942,1.5615,1.5214,1.4741,1.4195,1.3576,1.2884}
};
float winch_sc_pose16[2][61]=
{{0.4532,0.4272,0.4039,0.3834,0.3656,0.3505,0.3382,0.3285,0.3215,0.3170,0.3150,0.3156,0.3184,0.3236,0.3310,0.3402,0.3519,0.3653,0.3804,0.3972,0.4156,0.4353,0.4563,0.4785,0.5016,0.5256,0.5504,0.5757,0.6014,0.6274,0.6536,0.6798,0.7058,0.7315,0.7567,0.7814,0.8053,0.8284,0.8505,0.8714,0.8871,0.9093,0.9260,0.9410,0.9541,0.9646,0.9740,0.9814,0.9866,0.9895,0.9874,0.9855,0.9703,0.9631,0.9533,0.9407,0.9252,0.9236,0.8895,0.8657,0.8352},
{1.2884,1.3231,1.3541,1.3815,1.4052,1.4253,1.4417,1.4546,1.4640,1.4699,1.4725,1.4718,1.4679,1.4610,1.4511,1.4384,1.4231,1.4053,1.3851,1.3627,1.3382,1.3120,1.2840,1.2545,1.2237,1.1918,1.1589,1.1253,1.0911,1.0566,1.0219,0.9872,0.9528,0.9187,0.8853,0.8527,0.8210,0.7905,0.7614,0.7337,0.7027,0.6837,0.6617,0.6417,0.6239,0.6073,0.5949,0.5852,0.5784,0.5747,0.5694,0.5720,0.5593,0.5688,0.5818,0.5984,0.6186,0.6656,0.6747,0.7058,0.7363}
};
float winch_sc_pose17[2][61]=
{{0.8352,0.8434,0.8673,0.8735,0.8788,0.8833,0.8871,0.8901,0.8922,0.8935,0.8941,0.8929,0.8920,0.8905,0.8883,0.8855,0.8822,0.8783,0.8738,0.8700,0.8646,0.8588,0.8527,0.8461,0.8393,0.8319,0.8254,0.8180,0.8104,0.8028,0.7951,0.7874,0.7797,0.7722,0.7648,0.7575,0.7504,0.7436,0.7371,0.7309,0.7251,0.7198,0.7148,0.7104,0.7064,0.7030,0.7003,0.6981,0.6965,0.6957,0.6955,0.6960,0.6973,0.6994,0.7022,0.7058,0.7101,0.7153,0.7213,0.7281,0.7357},
{0.7363,0.7139,0.7141,0.6968,0.6818,0.6691,0.6589,0.6509,0.6450,0.6412,0.6395,0.6385,0.6410,0.6453,0.6516,0.6597,0.6695,0.6808,0.6937,0.7094,0.7250,0.7417,0.7596,0.7785,0.7982,0.8183,0.8401,0.8617,0.8837,0.9060,0.9284,0.9508,0.9730,0.9951,1.0167,1.0379,1.0584,1.0782,1.0972,1.1152,1.1320,1.1477,1.1621,1.1751,1.1865,1.1963,1.2045,1.2108,1.2152,1.2177,1.2182,1.2165,1.2127,1.2067,1.1985,1.1880,1.1751,1.1599,1.1424,1.1224,1.1002}
};
float winch_sc_pose18[2][61]=
{{0.7357,0.7406,0.7449,0.7487,0.7520,0.7548,0.7571,0.7589,0.7602,0.7610,0.7614,0.7613,0.7607,0.7598,0.7584,0.7566,0.7545,0.7520,0.7492,0.7461,0.7426,0.7390,0.7351,0.7309,0.7266,0.7221,0.7175,0.7128,0.7080,0.7031,0.6982,0.6934,0.6885,0.6837,0.6789,0.6743,0.6698,0.6655,0.6614,0.6574,0.6538,0.6503,0.6472,0.6444,0.6419,0.6397,0.6380,0.6366,0.6356,0.6351,0.6350,0.6354,0.6362,0.6375,0.6393,0.6417,0.6445,0.6478,0.6516,0.6560,0.6608},
{1.1002,1.0995,1.0988,1.0983,1.0978,1.0974,1.0971,1.0968,1.0966,1.0965,1.0964,1.0964,1.0965,1.0966,1.0968,1.0971,1.0974,1.0977,1.0981,1.0985,1.0990,1.0995,1.1000,1.1006,1.1012,1.1018,1.1025,1.1031,1.1038,1.1044,1.1051,1.1058,1.1065,1.1071,1.1078,1.1084,1.1090,1.1096,1.1102,1.1107,1.1112,1.1117,1.1121,1.1125,1.1128,1.1131,1.1134,1.1136,1.1137,1.1137,1.1137,1.1137,1.1136,1.1134,1.1131,1.1128,1.1124,1.1119,1.1113,1.1107,1.1100}
};
float winch_sc_pose19[2][61]=
{{0.6608,0.6572,0.6540,0.6512,0.6487,0.6466,0.6449,0.6436,0.6427,0.6421,0.6419,0.6420,0.6424,0.6432,0.6443,0.6457,0.6474,0.6493,0.6515,0.6539,0.6565,0.6594,0.6624,0.6655,0.6688,0.6722,0.6757,0.6793,0.6829,0.6866,0.6903,0.6904,0.6976,0.7012,0.7047,0.7082,0.7094,0.7110,0.7133,0.7151,0.7177,0.7202,0.7225,0.7223,0.7243,0.7200,0.7217,0.7251,0.7239,0.7244,0.7245,0.7242,0.7235,0.7223,0.7228,0.7185,0.7258,0.7178,0.7177,0.7194,0.7008},
{1.1100,1.1429,1.1724,1.1984,1.2209,1.2399,1.2555,1.2677,1.2766,1.2823,1.2847,1.2841,1.2804,1.2739,1.2645,1.2526,1.2381,1.2212,1.2021,1.1809,1.1578,1.1329,1.1063,1.0784,1.0492,1.0189,0.9878,0.9559,0.9234,0.8906,0.8577,0.8217,0.7920,0.7596,0.7278,0.6968,0.6643,0.6334,0.6046,0.5766,0.5514,0.5282,0.5069,0.4842,0.4673,0.4430,0.4312,0.4256,0.4156,0.4121,0.4115,0.4140,0.4197,0.4286,0.4444,0.4564,0.4902,0.5049,0.5350,0.5710,0.5860}
};
float winch_sc_pose20[2][61]=
{{0.7008,0.7309,0.7578,0.7878,0.8021,0.8195,0.8337,0.8449,0.8529,0.8580,0.8659,0.8654,0.8643,0.8585,0.8504,0.8399,0.8272,0.8138,0.7972,0.7806,0.7583,0.7374,0.7154,0.6910,0.6654,0.6389,0.6115,0.5835,0.5550,0.5262,0.4972,0.4682,0.4393,0.4108,0.3827,0.3553,0.3286,0.3029,0.2734,0.2478,0.2288,0.2065,0.1858,0.1674,0.1512,0.1373,0.1317,0.1172,0.1112,0.1081,0.1079,0.1108,0.1168,0.1260,0.1384,0.1551,0.1730,0.1944,0.2198,0.2457,0.2746},
{0.5860,0.5405,0.4997,0.4744,0.4328,0.4066,0.3850,0.3681,0.3556,0.3477,0.3584,0.3594,0.3692,0.3781,0.3908,0.4072,0.4270,0.4526,0.4788,0.5105,0.5389,0.5739,0.6113,0.6493,0.6889,0.7300,0.7724,0.8158,0.8601,0.9048,0.9499,0.9949,1.0398,1.0842,1.1279,1.1706,1.2121,1.2521,1.2893,1.3253,1.3602,1.3917,1.4206,1.4469,1.4700,1.4900,1.5070,1.5194,1.5285,1.5336,1.5346,1.5314,1.5237,1.5116,1.4950,1.4739,1.4479,1.4173,1.3821,1.3418,1.2967}
};
float winch_sc_pose21[2][61]=
{{0.2746,0.2714,0.2686,0.2661,0.2640,0.2622,0.2608,0.2596,0.2588,0.2583,0.2582,0.2583,0.2587,0.2594,0.2604,0.2617,0.2631,0.2649,0.2668,0.2690,0.2713,0.2738,0.2765,0.2793,0.2822,0.2852,0.2883,0.2914,0.2946,0.2979,0.3011,0.3043,0.3075,0.3107,0.3138,0.3168,0.3197,0.3225,0.3252,0.3278,0.3301,0.3323,0.3344,0.3362,0.3378,0.3392,0.3403,0.3412,0.3419,0.3422,0.3423,0.3421,0.3416,0.3408,0.3397,0.3383,0.3366,0.3345,0.3322,0.3295,0.3265},
{1.2967,1.3289,1.3577,1.3832,1.4052,1.4238,1.4391,1.4511,1.4598,1.4653,1.4677,1.4670,1.4634,1.4570,1.4478,1.4361,1.4219,1.4053,1.3865,1.3657,1.3430,1.3186,1.2926,1.2652,1.2366,1.2070,1.1764,1.1452,1.1134,1.0813,1.0491,1.0169,0.9849,0.9532,0.9222,0.8918,0.8624,0.8341,0.8070,0.7813,0.7572,0.7348,0.7143,0.6959,0.6796,0.6657,0.6541,0.6452,0.6389,0.6354,0.6348,0.6372,0.6426,0.6512,0.6630,0.6780,0.6964,0.7182,0.7433,0.7718,0.8037}
};
float winch_sc_pose22[2][61]=
{{0.3265,0.2954,0.2633,0.2429,0.2131,0.1948,0.1827,0.1697,0.1599,0.1540,0.1512,0.1516,0.1550,0.1614,0.1706,0.1825,0.1975,0.2146,0.2300,0.2503,0.2725,0.2963,0.3289,0.3552,0.3827,0.4113,0.4407,0.4667,0.5015,0.5325,0.5638,0.5950,0.6260,0.6520,0.6818,0.7110,0.7452,0.7728,0.7992,0.8229,0.8465,0.8698,0.8846,0.9018,0.9170,0.9229,0.9417,0.9505,0.9566,0.9601,0.9606,0.9583,0.9529,0.9411,0.9249,0.9053,0.8920,0.8707,0.8410,0.8273,0.7980},
{0.8037,0.8083,0.8111,0.8162,0.8170,0.8198,0.8228,0.8243,0.8254,0.8261,0.8264,0.8263,0.8257,0.8247,0.8234,0.8217,0.8198,0.8175,0.8139,0.8107,0.8073,0.8036,0.8027,0.7986,0.7943,0.7899,0.7854,0.7782,0.7760,0.7712,0.7664,0.7615,0.7567,0.7478,0.7424,0.7373,0.7382,0.7339,0.7298,0.7243,0.7205,0.7188,0.7091,0.7051,0.7014,0.6886,0.6967,0.6952,0.6942,0.6936,0.6935,0.6938,0.6947,0.6915,0.6874,0.6837,0.6932,0.6971,0.6954,0.7170,0.7243}
};
float winch_sc_pose23[2][61]=
{{0.7980,0.7922,0.7881,0.7844,0.7661,0.7635,0.7613,0.7708,0.7584,0.7577,0.7574,0.7575,0.7581,0.7591,0.7604,0.7622,0.7643,0.7667,0.7695,0.7725,0.7759,0.7794,0.7832,0.7872,0.7914,0.7957,0.8002,0.8047,0.8093,0.8140,0.8186,0.8233,0.8279,0.8325,0.8370,0.8414,0.8456,0.8497,0.8536,0.8573,0.8607,0.8639,0.8669,0.8695,0.8719,0.8746,0.8763,0.8769,0.8778,0.8783,0.8784,0.8781,0.8773,0.8762,0.8757,0.8736,0.8712,0.8685,0.8633,0.8593,0.8548},
{0.7243,0.7462,0.7671,0.7855,0.7868,0.8007,0.8120,0.8312,0.8275,0.8316,0.8335,0.8331,0.8305,0.8258,0.8191,0.8105,0.8001,0.7880,0.7742,0.7589,0.7422,0.7243,0.7051,0.6850,0.6639,0.6420,0.6195,0.5965,0.5730,0.5493,0.5255,0.5017,0.4780,0.4547,0.4317,0.4092,0.3875,0.3665,0.3464,0.3274,0.3096,0.2930,0.2778,0.2642,0.2521,0.2444,0.2359,0.2266,0.2220,0.2194,0.2190,0.2208,0.2249,0.2314,0.2444,0.2558,0.2698,0.2866,0.3002,0.3214,0.3452}
};
float winch_sc_pose24[2][61]=
{{0.8548,0.8627,0.8663,0.8710,0.8751,0.8786,0.8822,0.8837,0.8853,0.8863,0.8867,0.8866,0.8859,0.8846,0.8829,0.8806,0.8779,0.8748,0.8721,0.8672,0.8629,0.8582,0.8544,0.8480,0.8425,0.8380,0.8310,0.8250,0.8188,0.8126,0.8064,0.8002,0.7940,0.7878,0.7818,0.7759,0.7701,0.7646,0.7593,0.7542,0.7495,0.7451,0.7411,0.7374,0.7342,0.7314,0.7291,0.7273,0.7261,0.7253,0.7252,0.7256,0.7266,0.7283,0.7305,0.7334,0.7370,0.7411,0.7460,0.7515,0.7576},
{0.3452,0.3386,0.3238,0.3149,0.3072,0.3007,0.2973,0.2911,0.2880,0.2861,0.2852,0.2854,0.2866,0.2887,0.2918,0.2959,0.3007,0.3064,0.3155,0.3200,0.3278,0.3362,0.3479,0.3547,0.3646,0.3775,0.3854,0.3963,0.4073,0.4185,0.4297,0.4410,0.4521,0.4632,0.4741,0.4847,0.4950,0.5050,0.5145,0.5235,0.5320,0.5398,0.5470,0.5535,0.5592,0.5641,0.5682,0.5713,0.5735,0.5747,0.5748,0.5739,0.5719,0.5688,0.5645,0.5591,0.5525,0.5447,0.5357,0.5255,0.5141}
};
float winch_sc_pose25[2][61]=
{{0.7576,0.7507,0.7446,0.7392,0.7345,0.7306,0.7273,0.7248,0.7229,0.7218,0.7238,0.7214,0.7248,0.7262,0.7255,0.7280,0.7310,0.7345,0.7385,0.7429,0.7478,0.7530,0.7585,0.7644,0.7705,0.7768,0.7833,0.7900,0.7968,0.8037,0.8106,0.8175,0.8244,0.8312,0.8379,0.8444,0.8507,0.8568,0.8626,0.8682,0.8734,0.8782,0.8826,0.8866,0.8901,0.8931,0.8956,0.8976,0.8989,0.8997,0.8998,0.8993,0.8982,0.8963,0.8938,0.8905,0.8866,0.8819,0.8765,0.8704,0.8635},
{0.5141,0.5209,0.5270,0.5324,0.5370,0.5410,0.5442,0.5467,0.5486,0.5498,0.5537,0.5502,0.5529,0.5516,0.5463,0.5438,0.5409,0.5374,0.5335,0.5292,0.5245,0.5194,0.5140,0.5083,0.5023,0.4961,0.4897,0.4832,0.4765,0.4698,0.4630,0.4562,0.4495,0.4429,0.4365,0.4300,0.4238,0.4178,0.4121,0.4067,0.4016,0.3969,0.3926,0.3887,0.3853,0.3823,0.3799,0.3780,0.3767,0.3760,0.3759,0.3765,0.3776,0.3795,0.3820,0.3853,0.3892,0.3938,0.3992,0.4053,0.4121}
};
float winch_sc_pose26[2][61]=
{{0.8635,0.8769,0.8888,0.8994,0.9085,0.9162,0.9225,0.9275,0.9311,0.9334,0.9344,0.9341,0.9327,0.9300,0.9262,0.9214,0.9155,0.9087,0.9009,0.8923,0.8829,0.8728,0.8620,0.8507,0.8388,0.8265,0.8138,0.8008,0.7876,0.7743,0.7608,0.7474,0.7341,0.7234,0.7079,0.6952,0.6830,0.6711,0.6598,0.6490,0.6483,0.6296,0.6324,0.6133,0.6152,0.6089,0.6043,0.6069,0.6040,0.6027,0.6026,0.6012,0.6050,0.6087,0.6092,0.6204,0.6277,0.6354,0.6419,0.6538,0.6670},
{0.4121,0.4036,0.3960,0.3894,0.3836,0.3787,0.3747,0.3715,0.3692,0.3677,0.3671,0.3672,0.3681,0.3697,0.3720,0.3750,0.3787,0.3830,0.3878,0.3932,0.3990,0.4054,0.4121,0.4192,0.4266,0.4343,0.4423,0.4504,0.4587,0.4671,0.4755,0.4839,0.4923,0.5042,0.5088,0.5167,0.5245,0.5319,0.5391,0.5458,0.5629,0.5581,0.5759,0.5683,0.5819,0.5849,0.5881,0.5967,0.5981,0.5991,0.5994,0.5964,0.5966,0.5945,0.5870,0.5883,0.5833,0.5765,0.5657,0.5584,0.5502}
};
float winch_sc_pose27[2][61]=
{{0.6671,0.6632,0.6572,0.6510,0.6343,0.6376,0.6233,0.6289,0.6334,0.6321,0.6315,0.6316,0.6324,0.6339,0.6360,0.6303,0.6329,0.6396,0.6362,0.6439,0.6468,0.6563,0.6591,0.6661,0.6728,0.6800,0.6875,0.6973,0.7029,0.7122,0.7209,0.7287,0.7345,0.7433,0.7518,0.7573,0.7646,0.7715,0.7782,0.7845,0.7912,0.7972,0.8020,0.8064,0.8097,0.8131,0.8164,0.8182,0.8197,0.8206,0.8207,0.8201,0.8192,0.8171,0.8143,0.8107,0.8063,0.8013,0.7956,0.7886,0.7808},
{0.5503,0.5773,0.5984,0.6159,0.6197,0.6407,0.6412,0.6578,0.6701,0.6739,0.6756,0.6752,0.6727,0.6681,0.6617,0.6454,0.6346,0.6257,0.6043,0.5924,0.5734,0.5602,0.5376,0.5186,0.4978,0.4767,0.4549,0.4361,0.4100,0.3897,0.3682,0.3454,0.3180,0.2980,0.2783,0.2513,0.2302,0.2099,0.1904,0.1720,0.1584,0.1457,0.1304,0.1169,0.0998,0.0902,0.0864,0.0764,0.0721,0.0697,0.0696,0.0716,0.0796,0.0861,0.0950,0.1066,0.1198,0.1369,0.1562,0.1757,0.1980}
};
float winch_sc_pose28[2][61]=
{{0.7809,0.8332,0.8818,0.9236,0.9603,0.9915,1.0170,1.0370,1.0506,1.0603,1.0637,1.0642,1.0582,1.0470,1.0324,1.0129,0.9892,0.9615,0.9302,0.8954,0.8574,0.8165,0.7763,0.7335,0.6870,0.6388,0.5896,0.5397,0.4914,0.4396,0.3875,0.3299,0.2801,0.2274,0.1745,0.1223,0.0637,0.0114,-0.0334,-0.0795,-0.1194,-0.1563,-0.1901,-0.2206,-0.2474,-0.2703,-0.2892,-0.3038,-0.3139,-0.3194,-0.2874,-0.3157,-0.3063,-0.2916,-0.2716,-0.2461,-0.2151,-0.1785,-0.1348,-0.0824,-0.0253},
{0.1982,0.1305,0.0818,0.0252,-0.0171,-0.0530,-0.0826,-0.1058,-0.1149,-0.1294,-0.1301,-0.1394,-0.1330,-0.1163,-0.1041,-0.0822,-0.0555,-0.0243,0.0111,0.0504,0.0934,0.1398,0.2033,0.2612,0.3152,0.3712,0.4295,0.4894,0.5522,0.6124,0.6731,0.7312,0.7928,0.8524,0.9110,0.9685,1.0241,1.0789,1.1315,1.1817,1.2287,1.2724,1.3123,1.3484,1.3802,1.4075,1.4300,1.4476,1.4599,1.4668,1.4611,1.4634,1.4529,1.4361,1.4132,1.3838,1.3480,1.3057,1.2567,1.2010,1.1391}
};
float winch_sc_pose29[2][61]=
{{-0.0254,-0.0774,-0.1234,-0.1665,-0.2000,-0.2284,-0.2517,-0.2700,-0.2833,-0.2918,-0.2956,-0.2948,-0.2895,-0.2799,-0.2663,-0.2486,-0.2273,-0.2024,-0.1741,-0.1428,-0.1085,-0.0673,-0.0267,0.0162,0.0611,0.1077,0.1611,0.2122,0.2611,0.3108,0.3599,0.4089,0.4577,0.5060,0.5534,0.5998,0.6448,0.6882,0.7297,0.7690,0.8060,0.8403,0.8718,0.9001,0.9251,0.9466,0.9643,0.9781,0.9877,0.9931,0.9940,0.9903,0.9819,0.9686,0.9503,0.9270,0.8986,0.8651,0.8263,0.7823,0.7331},
{1.1391,1.1336,1.1288,1.1252,1.1216,1.1185,1.1160,1.1140,1.1126,1.1117,1.1114,1.1115,1.1121,1.1132,1.1147,1.1167,1.1191,1.1218,1.1249,1.1284,1.1322,1.1359,1.1403,1.1451,1.1502,1.1556,1.1620,1.1686,1.1749,1.1813,1.1876,1.1938,1.2000,1.2061,1.2121,1.2179,1.2235,1.2289,1.2341,1.2390,1.2436,1.2478,1.2517,1.2552,1.2583,1.2609,1.2631,1.2648,1.2659,1.2666,1.2667,1.2662,1.2651,1.2635,1.2612,1.2583,1.2548,1.2506,1.2458,1.2404,1.2343}
};
float winch_sc_pose30[2][61]=
{{0.7331,0.7395,0.7453,0.7503,0.7547,0.7584,0.7615,0.7638,0.7656,0.7667,0.7672,0.7671,0.7664,0.7651,0.7633,0.7610,0.7582,0.7549,0.7512,0.7471,0.7426,0.7378,0.7326,0.7272,0.7215,0.7156,0.7096,0.7034,0.6970,0.6906,0.6842,0.6778,0.6714,0.6651,0.6589,0.6528,0.6469,0.6412,0.6358,0.6306,0.6258,0.6213,0.6172,0.6135,0.6102,0.6074,0.6051,0.6033,0.6021,0.6014,0.6013,0.6018,0.6029,0.6046,0.6070,0.6101,0.6138,0.6182,0.6232,0.6290,0.6354},
{1.2343,1.2367,1.2388,1.2406,1.2423,1.2436,1.2447,1.2456,1.2463,1.2467,1.2468,1.2468,1.2465,1.2461,1.2454,1.2445,1.2435,1.2423,1.2409,1.2394,1.2377,1.2359,1.2340,1.2320,1.2299,1.2277,1.2254,1.2231,1.2208,1.2184,1.2160,1.2137,1.2113,1.2089,1.2066,1.2044,1.2022,1.2001,1.1981,1.1961,1.1943,1.1927,1.1911,1.1898,1.1886,1.1875,1.1866,1.1860,1.1855,1.1852,1.1852,1.1854,1.1858,1.1864,1.1873,1.1884,1.1898,1.1914,1.1933,1.1954,1.1978}
};
float winch_sc_pose31[2][61]=
{{0.6354,0.6299,0.6249,0.6206,0.6168,0.6136,0.6110,0.6089,0.6074,0.6065,0.6061,0.6063,0.6069,0.6081,0.6097,0.6118,0.6143,0.6172,0.6205,0.6241,0.6281,0.6324,0.6369,0.6417,0.6467,0.6519,0.6572,0.6627,0.6683,0.6739,0.6795,0.6851,0.6907,0.6963,0.7017,0.7063,0.7117,0.7168,0.7216,0.7264,0.7306,0.7343,0.7381,0.7400,0.7421,0.7441,0.7458,0.7502,0.7513,0.7520,0.7492,0.7490,0.7485,0.7478,0.7469,0.7443,0.7410,0.7369,0.7335,0.7286,0.7196},
{1.1978,1.2223,1.2443,1.2637,1.2805,1.2947,1.3064,1.3155,1.3222,1.3264,1.3282,1.3277,1.3250,1.3201,1.3132,1.3042,1.2934,1.2808,1.2665,1.2507,1.2334,1.2148,1.1950,1.1741,1.1523,1.1297,1.1064,1.0826,1.0584,1.0339,1.0093,0.9847,0.9602,0.9361,0.9123,0.8886,0.8663,0.8448,0.8241,0.8047,0.7863,0.7689,0.7535,0.7381,0.7248,0.7136,0.7045,0.7006,0.6958,0.6931,0.6895,0.6915,0.6962,0.7036,0.7138,0.7254,0.7393,0.7556,0.7757,0.7975,0.8189}
};
float winch_sc_pose32[2][61]=
{{0.7196,0.7422,0.7624,0.7802,0.7956,0.8119,0.8226,0.8309,0.8370,0.8408,0.8425,0.8420,0.8395,0.8351,0.8287,0.8205,0.8106,0.7991,0.7860,0.7715,0.7557,0.7387,0.7206,0.7014,0.6814,0.6607,0.6393,0.6174,0.5952,0.5726,0.5500,0.5273,0.5048,0.4826,0.4607,0.4393,0.4185,0.3985,0.3794,0.3612,0.3442,0.3284,0.3139,0.3008,0.2892,0.2789,0.2705,0.2640,0.2594,0.2568,0.2565,0.2583,0.2623,0.2687,0.2773,0.2879,0.3013,0.3167,0.3345,0.3547,0.3772},
{0.8189,0.7989,0.7810,0.7653,0.7517,0.7437,0.7343,0.7269,0.7216,0.7182,0.7167,0.7171,0.7193,0.7232,0.7288,0.7360,0.7448,0.7549,0.7665,0.7792,0.7932,0.8082,0.8243,0.8412,0.8588,0.8772,0.8961,0.9154,0.9351,0.9550,0.9751,0.9951,1.0151,1.0348,1.0542,1.0732,1.0916,1.1093,1.1263,1.1424,1.1576,1.1716,1.1845,1.1961,1.2064,1.2151,1.2223,1.2279,1.2319,1.2341,1.2345,1.2330,1.2297,1.2243,1.2170,1.2075,1.1960,1.1824,1.1666,1.1488,1.1288}
};
float winch_sc_pose33[2][61]=
{{0.3772,0.3932,0.4075,0.4201,0.4310,0.4403,0.4479,0.4539,0.4582,0.4610,0.4623,0.4621,0.4604,0.4573,0.4529,0.4472,0.4403,0.4323,0.4231,0.4130,0.4019,0.3900,0.3772,0.3638,0.3498,0.3352,0.3202,0.3049,0.2893,0.2734,0.2576,0.2417,0.2224,0.2092,0.1878,0.1771,0.1615,0.1466,0.1273,0.1144,0.1023,0.0945,0.0838,0.0742,0.0657,0.0584,0.0524,0.0440,0.0410,0.0393,0.0390,0.0403,0.0431,0.0514,0.0577,0.0627,0.0717,0.0826,0.0954,0.1153,0.1272},
{1.1288,1.1482,1.1656,1.1809,1.1942,1.2054,1.2146,1.2219,1.2271,1.2305,1.2319,1.2315,1.2294,1.2256,1.2201,1.2130,1.2045,1.1945,1.1833,1.1707,1.1571,1.1424,1.1267,1.1102,1.0930,1.0751,1.0567,1.0378,1.0186,0.9992,0.9797,0.9602,0.9399,0.9214,0.9012,0.8838,0.8658,0.8485,0.8311,0.8156,0.8011,0.7880,0.7756,0.7644,0.7545,0.7460,0.7391,0.7334,0.7296,0.7275,0.7272,0.7286,0.7319,0.7373,0.7444,0.7533,0.7643,0.7774,0.7925,0.8105,0.8291}
};
float winch_sc_pose34[2][61]=
{{0.1271,0.0854,0.0424,0.0044,-0.0276,-0.0543,-0.0759,-0.0928,-0.1049,-0.1125,-0.1160,-0.1151,-0.1104,-0.1017,-0.0893,-0.0733,-0.0538,-0.0339,-0.0001,0.0242,0.0562,0.0914,0.1294,0.1697,0.2072,0.2483,0.2983,0.3409,0.3842,0.4280,0.4721,0.5162,0.5601,0.6034,0.6461,0.6878,0.7282,0.7672,0.8045,0.8399,0.8732,0.9041,0.9324,0.9579,0.9804,0.9966,1.0157,1.0227,1.0312,1.0358,1.0364,1.0328,1.0249,1.0124,0.9943,0.9737,0.9497,0.9197,0.8854,0.8468,0.8040},
{0.8291,0.8331,0.8362,0.8392,0.8421,0.8445,0.8466,0.8482,0.8494,0.8501,0.8505,0.8504,0.8499,0.8491,0.8479,0.8463,0.8444,0.8423,0.8397,0.8370,0.8342,0.8313,0.8284,0.8258,0.8221,0.8187,0.8183,0.8150,0.8117,0.8083,0.8049,0.8015,0.7980,0.7946,0.7913,0.7880,0.7848,0.7817,0.7788,0.7760,0.7733,0.7708,0.7685,0.7665,0.7647,0.7589,0.7618,0.7534,0.7523,0.7515,0.7511,0.7509,0.7511,0.7513,0.7504,0.7526,0.7567,0.7595,0.7631,0.7675,0.7726}
};
float winch_sc_pose35[2][61]=
{{0.8040,0.8100,0.8155,0.8203,0.8245,0.8281,0.8310,0.8333,0.8350,0.8361,0.8365,0.8363,0.8356,0.8344,0.8326,0.8302,0.8275,0.8242,0.8205,0.8165,0.8120,0.8073,0.8022,0.7968,0.7913,0.7855,0.7807,0.7746,0.7686,0.7625,0.7570,0.7509,0.7447,0.7382,0.7318,0.7255,0.7196,0.7116,0.7063,0.7010,0.6980,0.6934,0.6887,0.6844,0.6807,0.6776,0.6751,0.6732,0.6719,0.6712,0.6712,0.6718,0.6731,0.6753,0.6785,0.6821,0.6856,0.6902,0.6950,0.6986,0.7068},
{0.7726,0.7772,0.7814,0.7851,0.7883,0.7910,0.7933,0.7950,0.7963,0.7971,0.7974,0.7973,0.7968,0.7958,0.7944,0.7926,0.7904,0.7879,0.7851,0.7820,0.7785,0.7749,0.7709,0.7668,0.7625,0.7581,0.7547,0.7500,0.7454,0.7408,0.7367,0.7321,0.7273,0.7222,0.7172,0.7123,0.7077,0.7009,0.6968,0.6927,0.6907,0.6872,0.6834,0.6799,0.6770,0.6745,0.6725,0.6710,0.6700,0.6694,0.6694,0.6699,0.6710,0.6728,0.6755,0.6784,0.6811,0.6847,0.6884,0.6907,0.6975}
};
float winch_sc_pose36[2][61]=
{{0.7068,0.6971,0.6865,0.6801,0.6730,0.6670,0.6622,0.6585,0.6547,0.6530,0.6522,0.6524,0.6535,0.6554,0.6582,0.6618,0.6661,0.6722,0.6779,0.6842,0.6912,0.6987,0.7068,0.7040,0.7090,0.7184,0.7281,0.7381,0.7482,0.7584,0.7687,0.7790,0.7892,0.7993,0.8093,0.8190,0.8284,0.8374,0.8461,0.8544,0.8621,0.8693,0.8758,0.8818,0.8870,0.8915,0.8952,0.8980,0.9001,0.9012,0.9014,0.9006,0.8989,0.8961,0.8923,0.8875,0.8816,0.8746,0.8666,0.8575,0.8488},
{0.6975,0.7181,0.7345,0.7519,0.7654,0.7770,0.7865,0.7940,0.7986,0.8021,0.8036,0.8031,0.8009,0.7968,0.7910,0.7835,0.7745,0.7650,0.7531,0.7400,0.7257,0.7103,0.6940,0.6650,0.6423,0.6232,0.6036,0.5835,0.5630,0.5423,0.5215,0.5007,0.4801,0.4596,0.4395,0.4199,0.4009,0.3825,0.3650,0.3483,0.3327,0.3182,0.3049,0.2929,0.2824,0.2733,0.2659,0.2601,0.2560,0.2538,0.2534,0.2550,0.2586,0.2643,0.2720,0.2819,0.2939,0.3081,0.3245,0.3431,0.3674}
};
float winch_sc_pose37[2][61]=
{{0.8473,0.8884,0.9230,0.9546,0.9818,1.0049,1.0238,1.0386,1.0494,1.0562,1.0591,1.0583,1.0538,1.0459,1.0345,1.0199,1.0023,0.9817,0.9584,0.9325,0.9043,0.8739,0.8415,0.8074,0.7716,0.7451,0.7089,0.6706,0.6321,0.5936,0.5548,0.5154,0.4761,0.4373,0.3983,0.3598,0.3233,0.2896,0.2555,0.2223,0.1920,0.1636,0.1296,0.1067,0.0854,0.0636,0.0481,0.0364,0.0285,0.0244,0.0244,0.0286,0.0432,0.0549,0.0709,0.0939,0.1149,0.1455,0.1804,0.2125,0.2591},
{0.3638,0.3360,0.3053,0.2809,0.2598,0.2420,0.2273,0.2157,0.2073,0.2019,0.1994,0.1998,0.2030,0.2089,0.2174,0.2283,0.2416,0.2571,0.2747,0.2943,0.3157,0.3388,0.3634,0.3893,0.4165,0.4620,0.4923,0.5212,0.5512,0.5819,0.6126,0.6427,0.6725,0.7021,0.7307,0.7585,0.7862,0.8133,0.8386,0.8625,0.8852,0.9063,0.9245,0.9423,0.9579,0.9712,0.9824,0.9911,0.9972,1.0006,1.0012,0.9989,0.9939,0.9857,0.9744,0.9604,0.9427,0.9225,0.8995,0.8718,0.8439}
};
float winch_sc_pose38[2][61]=
{{0.2591,0.2169,0.1790,0.1506,0.1217,0.0972,0.0806,0.0661,0.0555,0.0418,0.0382,0.0385,0.0425,0.0502,0.0614,0.0760,0.0993,0.1189,0.1413,0.1647,0.1938,0.2253,0.2535,0.2863,0.3266,0.3612,0.3967,0.4302,0.4703,0.5078,0.5455,0.5833,0.6171,0.6538,0.6889,0.7244,0.7591,0.7926,0.8237,0.8541,0.8827,0.9092,0.9335,0.9440,0.9637,0.9806,0.9945,1.0054,1.0130,1.0173,1.0181,1.0153,1.0087,0.9984,0.9843,0.9661,0.9441,0.9179,0.8878,0.8536,0.8154},
{0.8439,0.8569,0.8688,0.8805,0.8900,0.8981,0.9053,0.9107,0.9146,0.9168,0.9179,0.9175,0.9159,0.9129,0.9087,0.9033,0.8974,0.8899,0.8814,0.8718,0.8620,0.8518,0.8395,0.8274,0.8173,0.8042,0.7907,0.7751,0.7627,0.7485,0.7341,0.7198,0.7022,0.6874,0.6718,0.6576,0.6440,0.6310,0.6173,0.6054,0.5942,0.5838,0.5743,0.5461,0.5384,0.5318,0.5264,0.5223,0.5194,0.5178,0.5177,0.5189,0.5217,0.5259,0.5317,0.5391,0.5480,0.5586,0.5707,0.5845,0.6000}
};
float winch_sc_pose39[2][61]=
{{0.8154,0.8641,0.9078,0.9463,0.9796,1.0079,1.0310,1.0492,1.0624,1.0707,1.0744,1.0734,1.0680,1.0583,1.0444,1.0368,1.0157,0.9900,0.9636,0.9343,0.9040,0.8679,0.8294,0.7889,0.7465,0.7025,0.6573,0.6110,0.5639,0.5163,0.4685,0.4207,0.3731,0.3240,0.2786,0.2314,0.1832,0.1381,0.0930,0.0513,0.0178,-0.0178,-0.0554,-0.0830,-0.1073,-0.1281,-0.1453,-0.1586,-0.1679,-0.1730,-0.1738,-0.1700,-0.1617,-0.1486,-0.1307,-0.1078,-0.0777,-0.0420,0.0020,0.0463,0.0982},
{0.6000,0.5694,0.5421,0.5180,0.4971,0.4794,0.4649,0.4534,0.4450,0.4396,0.4372,0.4376,0.4407,0.4465,0.4549,0.4881,0.5011,0.5142,0.5342,0.5558,0.5817,0.6038,0.6272,0.6519,0.6778,0.7046,0.7323,0.7606,0.7893,0.8184,0.8477,0.8770,0.9061,0.9341,0.9628,0.9899,1.0161,1.0419,1.0666,1.0905,1.1132,1.1343,1.1539,1.1714,1.1869,1.2002,1.2112,1.2197,1.2257,1.2291,1.2297,1.2275,1.2224,1.2144,1.2033,1.1891,1.1717,1.1512,1.1277,1.1013,1.0722}
};
float winch_sc_pose40[2][61]=
{{0.0982,0.0478,0.0047,-0.0377,-0.0726,-0.1021,-0.1242,-0.1416,-0.1544,-0.1625,-0.1661,-0.1654,-0.1604,-0.1514,-0.1384,-0.1218,-0.1015,-0.0779,-0.0511,-0.0143,0.0202,0.0530,0.0935,0.1370,0.1806,0.2273,0.2689,0.3193,0.3648,0.4109,0.4573,0.5037,0.5498,0.5954,0.6402,0.6841,0.7266,0.7677,0.8069,0.8442,0.8792,0.9087,0.9385,0.9663,0.9867,1.0079,1.0236,1.0347,1.0470,1.0426,1.0436,1.0401,1.0320,1.0193,1.0018,0.9795,0.9522,0.9200,0.8828,0.8407,0.7935},
{1.0722,1.1003,1.1257,1.1483,1.1681,1.1850,1.1986,1.2093,1.2171,1.2220,1.2242,1.2236,1.2203,1.2146,1.2063,1.1958,1.1830,1.1680,1.1511,1.1322,1.1120,1.0901,1.0671,1.0432,1.0184,0.9932,0.9657,0.9401,0.9124,0.8844,0.8562,0.8280,0.7999,0.7722,0.7450,0.7184,0.6925,0.6676,0.6438,0.6212,0.6000,0.5757,0.5574,0.5424,0.5217,0.5107,0.4979,0.4854,0.4865,0.4620,0.4616,0.4639,0.4691,0.4771,0.4881,0.5021,0.5191,0.5392,0.5623,0.5886,0.6179}
};
float winch_sc_pose41[2][61]=
{{0.7935,0.7984,0.8028,0.8066,0.8100,0.8128,0.8151,0.8169,0.8182,0.8191,0.8195,0.8194,0.8188,0.8179,0.8165,0.8148,0.8126,0.8101,0.8073,0.8042,0.8008,0.7971,0.7932,0.7890,0.7847,0.7802,0.7756,0.7709,0.7661,0.7612,0.7563,0.7514,0.7465,0.7417,0.7394,0.7324,0.7279,0.7236,0.7195,0.7156,0.7119,0.7112,0.7053,0.7049,0.7000,0.6979,0.6961,0.6948,0.6938,0.6933,0.6932,0.6936,0.6967,0.6957,0.6975,0.6999,0.7027,0.7085,0.7116,0.7142,0.7214},
{0.6179,0.6271,0.6353,0.6425,0.6488,0.6541,0.6585,0.6619,0.6644,0.6659,0.6666,0.6665,0.6655,0.6637,0.6611,0.6578,0.6538,0.6491,0.6438,0.6379,0.6315,0.6246,0.6173,0.6095,0.6014,0.5930,0.5843,0.5754,0.5664,0.5573,0.5481,0.5389,0.5298,0.5208,0.5154,0.5033,0.4949,0.4868,0.4790,0.4717,0.4648,0.4627,0.4525,0.4509,0.4426,0.4386,0.4353,0.4327,0.4309,0.4299,0.4298,0.4305,0.4358,0.4345,0.4379,0.4422,0.4475,0.4576,0.4636,0.4692,0.4818}
};
float winch_sc_pose42[2][61]=
{{0.7191,0.7315,0.7401,0.7507,0.7564,0.7628,0.7680,0.7722,0.7751,0.7770,0.7779,0.7776,0.7764,0.7742,0.7710,0.7671,0.7625,0.7588,0.7526,0.7426,0.7347,0.7323,0.7264,0.7180,0.7123,0.7015,0.6935,0.6866,0.6768,0.6669,0.6569,0.6469,0.6370,0.6271,0.6174,0.6080,0.5987,0.5898,0.5813,0.5732,0.5656,0.5585,0.5520,0.5462,0.5410,0.5365,0.5328,0.5299,0.5278,0.5266,0.5264,0.5270,0.5287,0.5313,0.5350,0.5396,0.5453,0.5521,0.5599,0.5687,0.5787},
{0.4783,0.4337,0.3893,0.3563,0.3202,0.2930,0.2707,0.2533,0.2405,0.2324,0.2288,0.2296,0.2347,0.2439,0.2570,0.2743,0.2955,0.3242,0.3514,0.3755,0.4084,0.4538,0.4953,0.5354,0.5812,0.6225,0.6686,0.7168,0.7630,0.8098,0.8568,0.9039,0.9507,0.9970,1.0425,1.0870,1.1303,1.1720,1.2119,1.2498,1.2853,1.3184,1.3487,1.3760,1.4002,1.4209,1.4381,1.4514,1.4608,1.4661,1.4671,1.4637,1.4558,1.4431,1.4258,1.4036,1.3765,1.3445,1.3075,1.2655,1.2185}
};
float winch_sc_pose43[2][61]=
{{0.5787,0.6350,0.6854,0.7298,0.7683,0.8008,0.8275,0.8484,0.8636,0.8733,0.8775,0.8764,0.8703,0.8592,0.8434,0.8230,0.7984,0.7697,0.7371,0.7010,0.6616,0.6192,0.5740,0.5264,0.4766,0.4249,0.3717,0.3172,0.2618,0.2058,0.1461,0.0857,0.0273,-0.0322,-0.0902,-0.1455,-0.1980,-0.2477,-0.2954,-0.3405,-0.3829,-0.4223,-0.4584,-0.4908,-0.5195,-0.5441,-0.5644,-0.5802,-0.5912,-0.5973,-0.5983,-0.5940,-0.5842,-0.5689,-0.5479,-0.5211,-0.4885,-0.4500,-0.4055,-0.3550,-0.2986},
{1.2185,1.2129,1.2079,1.2034,1.1996,1.1964,1.1937,1.1917,1.1902,1.1892,1.1889,1.1890,1.1897,1.1909,1.1925,1.1946,1.1971,1.2001,1.2034,1.2071,1.2111,1.2154,1.2200,1.2248,1.2298,1.2350,1.2403,1.2458,1.2514,1.2570,1.2622,1.2676,1.2734,1.2795,1.2857,1.2920,1.2980,1.3037,1.3091,1.3143,1.3191,1.3236,1.3276,1.3313,1.3345,1.3373,1.3396,1.3414,1.3426,1.3433,1.3434,1.3429,1.3418,1.3400,1.3377,1.3347,1.3310,1.3267,1.3217,1.3160,1.3097}
};
float winch_sc_pose44[2][61]=
{{-0.2986,-0.3420,-0.3808,-0.4150,-0.4446,-0.4697,-0.4903,-0.5065,-0.5183,-0.5258,-0.5291,-0.5284,-0.5238,-0.5153,-0.5033,-0.4877,-0.4688,-0.4468,-0.4219,-0.3942,-0.3640,-0.3315,-0.2968,-0.2602,-0.2220,-0.1824,-0.1405,-0.0956,-0.0492,-0.0035,0.0416,0.0874,0.1339,0.1790,0.2207,0.2615,0.3010,0.3392,0.3756,0.4102,0.4427,0.4729,0.5005,0.5254,0.5474,0.5662,0.5818,0.5939,0.6024,0.6071,0.6079,0.6046,0.5973,0.5856,0.5696,0.5492,0.5243,0.4949,0.4610,0.4224,0.3793},
{1.3097,1.3263,1.3413,1.3544,1.3658,1.3754,1.3833,1.3895,1.3940,1.3968,1.3981,1.3978,1.3959,1.3926,1.3879,1.3818,1.3745,1.3659,1.3562,1.3454,1.3336,1.3210,1.3075,1.2932,1.2783,1.2628,1.2467,1.2302,1.2135,1.1969,1.1805,1.1642,1.1483,1.1328,1.1172,1.1020,1.0872,1.0729,1.0593,1.0464,1.0342,1.0230,1.0126,1.0033,0.9951,0.9880,0.9822,0.9777,0.9745,0.9727,0.9723,0.9735,0.9762,0.9805,0.9864,0.9939,1.0032,1.0140,1.0266,1.0409,1.0569}
};
float winch_sc_pose45[2][61]=
{{0.3793,0.3588,0.3406,0.3244,0.3105,0.2987,0.2832,0.2815,0.2759,0.2649,0.2634,0.2639,0.2660,0.2700,0.2795,0.2840,0.2929,0.3073,0.3151,0.3310,0.3504,0.3591,0.3824,0.3998,0.4180,0.4368,0.4563,0.4762,0.4964,0.5168,0.5374,0.5580,0.5784,0.5986,0.6185,0.6349,0.6528,0.6709,0.6882,0.7047,0.7203,0.7322,0.7411,0.7532,0.7643,0.7739,0.7827,0.7879,0.7922,0.7945,0.7949,0.7933,0.7895,0.7836,0.7755,0.7651,0.7525,0.7376,0.7204,0.7030,0.6792},
{1.0569,1.0965,1.1319,1.1631,1.1901,1.2129,1.2302,1.2462,1.2567,1.2617,1.2646,1.2638,1.2592,1.2512,1.2408,1.2256,1.2080,1.1886,1.1644,1.1395,1.1131,1.0808,1.0512,1.0175,0.9824,0.9459,0.9083,0.8698,0.8307,0.7911,0.7513,0.7115,0.6720,0.6329,0.5945,0.5536,0.5157,0.4799,0.4459,0.4136,0.3833,0.3499,0.3131,0.2886,0.2681,0.2506,0.2394,0.2249,0.2171,0.2128,0.2122,0.2153,0.2223,0.2333,0.2484,0.2676,0.2909,0.3185,0.3503,0.3899,0.4266}
};
float winch_sc_pose46[2][61]=
{{0.6792,0.7047,0.7275,0.7476,0.7651,0.7798,0.7919,0.8014,0.8083,0.8127,0.8146,0.8141,0.8114,0.8063,0.7991,0.7899,0.7787,0.7661,0.7564,0.7443,0.7258,0.7075,0.6891,0.6684,0.6470,0.6249,0.6016,0.5778,0.5561,0.5317,0.5072,0.4827,0.4583,0.4342,0.4067,0.3873,0.3649,0.3405,0.3225,0.3025,0.2836,0.2654,0.2481,0.2332,0.2202,0.2099,0.2011,0.1938,0.1894,0.1863,0.1858,0.1878,0.1918,0.1983,0.2072,0.2202,0.2356,0.2544,0.2736,0.2955,0.3199},
{0.4266,0.3953,0.3673,0.3426,0.3212,0.3031,0.2882,0.2765,0.2680,0.2625,0.2601,0.2605,0.2638,0.2699,0.2786,0.2897,0.3033,0.3204,0.3497,0.3773,0.3964,0.4203,0.4472,0.4734,0.5011,0.5298,0.5587,0.5883,0.6207,0.6511,0.6817,0.7123,0.7427,0.7728,0.8004,0.8313,0.8593,0.8853,0.9122,0.9367,0.9596,0.9807,1.0000,1.0175,1.0331,1.0467,1.0578,1.0664,1.0726,1.0759,1.0765,1.0743,1.0691,1.0608,1.0495,1.0353,1.0180,0.9978,0.9738,0.9465,0.9160}
};
float winch_sc_pose47[2][61]=
{{0.3199,0.3415,0.3609,0.3779,0.3927,0.4052,0.4154,0.4235,0.4293,0.4331,0.4347,0.4343,0.4320,0.4278,0.4217,0.4139,0.4045,0.3935,0.3810,0.3672,0.3521,0.3358,0.3185,0.3002,0.2811,0.2613,0.2409,0.2200,0.1979,0.1757,0.1466,0.1292,0.1060,0.0832,0.0605,0.0387,0.0176,-0.0026,-0.0226,-0.0413,-0.0587,-0.0749,-0.0897,-0.1030,-0.1145,-0.1243,-0.1325,-0.1389,-0.1432,-0.1456,-0.1459,-0.1439,-0.1399,-0.1337,-0.1252,-0.1140,-0.1004,-0.0842,-0.0656,-0.0442,-0.0210},
{0.9160,0.9113,0.9070,0.9033,0.9001,0.8973,0.8951,0.8933,0.8921,0.8913,0.8909,0.8910,0.8916,0.8925,0.8939,0.8956,0.8977,0.9002,0.9029,0.9060,0.9094,0.9130,0.9168,0.9209,0.9251,0.9295,0.9340,0.9386,0.9432,0.9478,0.9513,0.9569,0.9616,0.9663,0.9710,0.9756,0.9802,0.9847,0.9890,0.9932,0.9971,1.0008,1.0042,1.0073,1.0100,1.0124,1.0143,1.0158,1.0169,1.0175,1.0176,1.0172,1.0162,1.0148,1.0128,1.0102,1.0072,1.0035,0.9994,0.9948,0.9897}
};
float winch_sc_pose48[2][61]=
{{-0.0210,-0.0696,-0.1137,-0.1476,-0.1825,-0.2086,-0.2299,-0.2467,-0.2590,-0.2668,-0.2704,-0.2697,-0.2650,-0.2563,-0.2439,-0.2279,-0.2084,-0.1857,-0.1600,-0.1314,-0.1002,-0.0665,-0.0222,0.0168,0.0607,0.1006,0.1465,0.1891,0.2351,0.2844,0.3285,0.3727,0.4167,0.4601,0.5028,0.5446,0.5851,0.6242,0.6615,0.6954,0.7287,0.7597,0.7877,0.8123,0.8354,0.8555,0.8696,0.8800,0.8879,0.8929,0.8938,0.8904,0.8827,0.8708,0.8536,0.8322,0.8060,0.7765,0.7393,0.7001,0.6549},
{0.9897,1.0290,1.0645,1.0953,1.1229,1.1457,1.1644,1.1790,1.1897,1.1964,1.1994,1.1986,1.1942,1.1864,1.1752,1.1608,1.1434,1.1232,1.1002,1.0747,1.0469,1.0169,0.9847,0.9514,0.9168,0.8808,0.8444,0.8066,0.7689,0.7323,0.6938,0.6552,0.6169,0.5790,0.5418,0.5055,0.4702,0.4362,0.4037,0.3700,0.3407,0.3138,0.2877,0.2622,0.2438,0.2291,0.2072,0.1859,0.1729,0.1687,0.1681,0.1713,0.1782,0.1907,0.2039,0.2228,0.2458,0.2771,0.3043,0.3425,0.3820}
};
float winch_sc_pose49[2][61]=
{{0.6549,0.6780,0.6998,0.7204,0.7359,0.7500,0.7616,0.7707,0.7773,0.7814,0.7833,0.7828,0.7801,0.7752,0.7683,0.7593,0.7485,0.7359,0.7216,0.7057,0.6929,0.6769,0.6590,0.6425,0.6232,0.6021,0.5804,0.5581,0.5354,0.5125,0.4894,0.4663,0.4433,0.4205,0.3981,0.3762,0.3549,0.3344,0.3148,0.2916,0.2751,0.2551,0.2413,0.2230,0.2106,0.2043,0.1953,0.1882,0.1833,0.1808,0.1807,0.1830,0.1876,0.1944,0.2043,0.2159,0.2328,0.2491,0.2672,0.2878,0.3109},
{0.3820,0.3252,0.2767,0.2379,0.1972,0.1658,0.1401,0.1199,0.1052,0.0958,0.0917,0.0926,0.0984,0.1089,0.1240,0.1430,0.1666,0.1941,0.2252,0.2599,0.3082,0.3527,0.3977,0.4481,0.4970,0.5463,0.5971,0.6491,0.7020,0.7556,0.8096,0.8636,0.9173,0.9705,1.0228,1.0739,1.1236,1.1715,1.2174,1.2598,1.3011,1.3384,1.3736,1.4044,1.4322,1.4568,1.4765,1.4919,1.5027,1.5088,1.5100,1.5061,1.4970,1.4825,1.4626,1.4371,1.4064,1.3696,1.3270,1.2786,1.2245}
};
