float winch_sc_angle1[4][61]=
{{0.0000,-0.0556,-0.5019,-1.6919,-3.9398,-7.5226,-12.6809,-19.6205,-28.5136,-39.5000,-52.6885,-68.1582,-85.9597,-106.1166,-128.6270,-153.4647,-180.5808,-209.9050,-241.3473,-274.7995,-310.1364,-347.2178,-385.8900,-425.9870,-467.3325,-509.7415,-553.0215,-596.9746,-641.3996,-686.0911,-730.8426,-775.4538,-819.7215,-863.4459,-906.4359,-948.5050,-989.4752,-1029.1777,-1067.4544,-1104.1587,-1139.1570,-1172.3290,-1203.5694,-1232.7879,-1259.9109,-1284.8814,-1307.6605,-1328.2275,-1346.5812,-1362.7402,-1376.7443,-1388.6550,-1398.5569,-1406.5585,-1412.7937,-1417.4233,-1420.6358,-1422.6497,-1423.7144,-1424.1122,-1424.1595},
{0.0000,-0.0323,-0.2603,-0.8613,-1.9923,-3.7909,-6.3748,-9.8425,-14.2730,-19.7262,-26.2435,-33.8478,-42.5446,-52.3223,-63.1533,-74.9954,-87.7920,-101.4746,-115.9630,-131.1677,-146.9911,-163.3291,-180.0728,-197.1105,-214.3289,-231.6151,-248.8583,-265.9510,-282.7907,-299.2815,-315.3348,-330.8700,-345.8164,-360.1131,-373.7092,-386.5647,-398.6497,-409.9447,-420.4401,-430.1351,-439.0378,-447.1633,-454.5335,-461.1756,-467.1215,-472.4061,-477.0667,-481.1420,-484.6714,-487.6944,-490.2498,-492.3758,-494.1099,-495.4890,-496.5500,-497.3300,-497.8675,-498.2030,-498.3801,-498.4466,-498.4552},
{0.0000,-0.0022,0.0511,0.2095,0.5177,1.0166,1.7441,2.7358,4.0265,5.6498,7.6396,10.0302,12.8562,16.1528,19.9553,24.2992,29.2190,34.7483,40.9181,47.7567,55.2883,63.5321,72.5017,82.2037,92.6373,103.7934,115.6541,128.1922,141.3719,155.1458,169.4574,184.2454,199.4358,214.9464,230.6907,246.5749,262.5005,278.3659,294.0676,309.5015,324.5646,339.1564,353.1809,366.5477,379.1737,390.9848,401.9168,411.9173,420.9465,428.9784,436.0020,442.0217,447.0583,451.1498,454.3512,456.7354,458.3932,459.4333,459.9829,460.1871,460.2096},
{0.0000,-0.0255,-0.1904,-0.6210,-1.4289,-2.7116,-4.5516,-7.0168,-10.1602,-14.0197,-18.6186,-23.9657,-30.0556,-36.8695,-44.3759,-52.5311,-61.2812,-70.5623,-80.3023,-90.4225,-100.8385,-111.4625,-122.2044,-132.9735,-143.6801,-154.2373,-164.5621,-174.5770,-184.2110,-193.4009,-202.0919,-210.2392,-217.8073,-224.7705,-231.1139,-236.8323,-241.9300,-246.4205,-250.3253,-253.6735,-256.5004,-258.8462,-260.7551,-262.2741,-263.4512,-264.3346,-264.9715,-265.4068,-265.6824,-265.8363,-265.9022,-265.9085,-265.8789,-265.8319,-265.7809,-265.7351,-265.6995,-265.6758,-265.6632,-265.6592,-265.6597}
};
float winch_sc_angle2[4][61]=
{{0.0000,0.0031,0.0425,0.1511,0.3582,0.6902,1.1709,1.8217,2.6623,3.7106,4.9831,6.4952,8.2612,10.2944,12.6070,15.2102,18.1140,21.3270,24.8562,28.7069,32.8799,37.3793,42.2038,47.3471,52.8007,58.5569,64.5998,70.9119,77.4723,84.2566,91.2370,98.3827,105.6599,113.0319,120.4600,127.9036,135.3203,142.6670,149.9003,156.9768,163.8541,170.4897,176.8455,182.8843,188.5723,193.8793,198.7817,203.2571,207.2910,210.8741,214.0035,216.6828,218.9227,220.7410,222.1630,223.2217,223.9576,224.4193,224.6636,224.7549,224.7657},
{0.0000,0.0111,0.1188,0.4104,0.9635,1.8470,3.1215,4.8394,7.0458,9.7790,13.0703,16.9453,21.4232,26.5181,32.2385,38.5878,45.5645,53.1623,61.3703,70.1729,79.5504,89.4779,99.9269,110.8647,122.2546,134.0559,146.2243,158.7122,171.4686,184.4398,197.5695,210.7991,224.0683,237.3155,250.4784,263.4941,276.3001,288.8347,301.0373,312.8499,324.2166,335.0845,345.4054,355.1348,364.2337,372.6684,380.4131,387.4464,393.7562,399.3379,404.1955,408.3417,411.7992,414.6000,416.7869,418.4129,419.5423,420.2506,420.6250,420.7647,420.7810},
{0.0000,-0.0109,-0.0970,-0.3266,-0.7599,-1.4500,-2.4427,-3.7764,-5.4828,-7.5864,-10.1052,-13.0506,-16.4281,-20.2370,-24.4711,-29.1190,-34.1644,-39.5868,-45.3614,-51.4603,-57.8507,-64.5013,-71.3768,-78.4387,-85.6483,-92.9689,-100.3603,-107.7840,-115.2022,-122.5782,-129.8765,-137.0635,-144.1077,-150.9795,-157.6519,-164.1003,-170.3026,-176.2396,-181.8945,-187.2534,-192.3048,-197.0390,-201.4503,-205.5342,-209.2886,-212.7134,-215.8123,-218.5882,-221.0480,-223.2000,-225.0546,-226.6243,-227.9239,-228.9704,-229.7836,-230.3859,-230.8029,-231.0638,-231.2014,-231.2525,-231.2580},
{0.0000,-0.0209,-0.1937,-0.6558,-1.5291,-2.9213,-4.9257,-7.6218,-11.0760,-15.3418,-20.4603,-26.4610,-33.3619,-41.1704,-49.8835,-59.4889,-69.9651,-81.2824,-93.4032,-106.2830,-119.8713,-134.1107,-148.9399,-164.2929,-180.1002,-196.2890,-212.7846,-229.5106,-246.3893,-263.3431,-280.2942,-297.1661,-313.8832,-330.3723,-346.5624,-362.3853,-377.7763,-392.6743,-407.0223,-420.7681,-433.8639,-446.2666,-457.9394,-468.8503,-478.9736,-488.2891,-496.7848,-504.4528,-511.2939,-517.3157,-522.5336,-526.9709,-530.6593,-533.6396,-535.9616,-537.6853,-538.8811,-539.6302,-540.0259,-540.1732,-540.1898}
};
float winch_sc_angle3[4][61]=
{{0.0000,-0.0192,-0.1392,-0.4516,-1.0376,-1.9686,-3.3063,-5.1029,-7.4009,-10.2342,-13.6274,-17.5970,-22.1508,-27.2892,-33.0050,-39.2840,-46.1059,-53.4440,-61.2665,-69.5370,-78.2147,-87.2552,-96.6116,-106.2342,-116.0720,-126.0730,-136.1845,-146.3542,-156.5304,-166.6624,-176.7015,-186.6010,-196.3167,-205.8073,-215.0342,-223.9626,-232.5606,-240.8003,-248.6572,-256.1103,-263.1426,-269.7400,-275.8926,-281.5930,-286.8377,-291.6260,-295.9603,-299.8458,-303.2908,-306.3064,-308.9066,-311.1086,-312.9326,-314.4025,-315.5457,-316.3937,-316.9823,-317.3523,-317.5495,-317.6257,-317.6384},
{0.0000,-0.0111,-0.0716,-0.2264,-0.5154,-0.9734,-1.6303,-2.5110,-3.6354,-5.0185,-6.6706,-8.5973,-10.7997,-13.2746,-16.0148,-19.0093,-22.2437,-25.7005,-29.3595,-33.1982,-37.1922,-41.3158,-45.5420,-49.8435,-54.1925,-58.5616,-62.9240,-67.2538,-71.5265,-75.7187,-79.8094,-83.7792,-87.6110,-91.2900,-94.8036,-98.1416,-101.2961,-104.2616,-107.0346,-109.6137,-111.9992,-114.1932,-116.1995,-118.0225,-119.6685,-121.1441,-122.4567,-123.6142,-124.6250,-125.4974,-126.2404,-126.8627,-127.3734,-127.7819,-128.0978,-128.3314,-128.4934,-128.5956,-128.6508,-128.6731,-128.6784},
{0.0000,-0.0216,-0.1764,-0.5850,-1.3545,-2.5795,-4.3419,-6.7115,-9.7464,-13.4936,-17.9888,-23.2577,-29.3158,-36.1690,-43.8144,-52.2407,-61.4283,-71.3507,-81.9743,-93.2596,-105.1611,-117.6288,-130.6082,-144.0408,-157.8655,-172.0181,-186.4331,-201.0432,-215.7806,-230.5773,-245.3657,-260.0788,-274.6511,-289.0187,-303.1203,-316.8969,-330.2925,-343.2545,-355.7338,-367.6855,-379.0684,-389.8462,-399.9868,-409.4635,-418.2541,-426.3420,-433.7163,-440.3716,-446.3085,-451.5341,-456.0619,-459.9123,-463.1131,-465.6997,-467.7157,-469.2129,-470.2525,-470.9051,-471.2513,-471.3823,-471.4005},
{0.0000,-0.0315,-0.2632,-0.8762,-2.0318,-3.8723,-6.5215,-10.0855,-14.6536,-20.2987,-27.0781,-35.0343,-44.1956,-54.5768,-66.1800,-78.9953,-93.0015,-108.1668,-124.4492,-141.7978,-160.1533,-179.4483,-199.6086,-220.5535,-242.1968,-264.4472,-287.2095,-310.3847,-333.8711,-357.5651,-381.3616,-405.1547,-428.8388,-452.3089,-475.4616,-498.1955,-520.4124,-542.0173,-562.9197,-583.0341,-602.2806,-620.5858,-637.8831,-654.1141,-669.2283,-683.1850,-695.9529,-707.5113,-717.8511,-726.9746,-734.8972,-741.6473,-747.2676,-751.8154,-755.3634,-758.0004,-759.8323,-760.9824,-761.5923,-761.8227,-761.8539}
};
float winch_sc_angle4[4][61]=
{{0.0000,0.0128,0.1783,0.6349,1.5070,2.9086,4.9446,7.7140,11.3114,15.8292,21.3584,27.9924,35.8201,44.9340,55.4242,67.3790,80.8825,96.0130,112.8399,131.4217,151.8038,174.0157,198.0684,223.9533,251.6401,281.0754,312.1829,344.8627,378.9920,414.4256,450.9982,488.5252,526.8058,565.6250,604.7563,643.9664,683.0152,721.6621,759.6655,796.7903,832.8107,867.5082,900.6793,932.1366,961.7122,989.2595,1014.6560,1037.8053,1058.6392,1077.1196,1093.2401,1107.0294,1118.5462,1127.8890,1135.1939,1140.6297,1144.4094,1146.7830,1148.0410,1148.5143,1148.5754},
{0.0000,-0.0634,-0.5443,-1.8193,-4.2240,-8.0522,-13.5578,-20.9548,-30.4187,-42.0864,-56.0587,-72.3981,-91.1362,-112.2684,-135.7595,-161.5437,-189.5277,-219.5913,-251.5909,-285.3614,-320.7181,-357.4601,-395.3725,-434.2297,-473.7978,-513.8384,-554.1109,-594.3760,-634.3989,-673.9518,-712.8173,-750.7910,-787.6835,-823.3236,-857.5592,-890.2586,-921.3130,-950.6348,-978.1607,-1003.8483,-1027.6746,-1049.6390,-1069.7584,-1088.0656,-1104.6074,-1119.4427,-1132.6397,-1144.2741,-1154.4274,-1163.1849,-1170.6349,-1176.8663,-1181.9744,-1186.0531,-1189.1991,-1191.5180,-1193.1175,-1194.1153,-1194.6400,-1194.8335,-1194.8530},
{0.0000,-0.0695,-0.6008,-2.0119,-4.6737,-8.9129,-15.0115,-23.2090,-33.7026,-46.6491,-62.1654,-80.3320,-101.1892,-124.7449,-150.9722,-179.8128,-211.1786,-244.9534,-280.9953,-319.1388,-359.1975,-400.9662,-444.2238,-488.7356,-534.2565,-580.5335,-627.3089,-674.3232,-721.3178,-768.0387,-814.2385,-859.6800,-904.1382,-947.4036,-989.2833,-1029.6049,-1068.2153,-1104.9845,-1139.8027,-1172.5850,-1203.2713,-1231.8195,-1258.2100,-1282.4430,-1304.5364,-1324.5246,-1342.4562,-1358.3923,-1372.4052,-1384.5766,-1394.9968,-1403.7666,-1410.9884,-1416.7786,-1421.2639,-1424.5753,-1426.8640,-1428.2940,-1429.0471,-1429.3257,-1429.3550},
{0.0000,0.0051,0.1073,0.3937,0.9444,1.8337,3.1328,4.9122,7.2434,10.2007,13.8633,18.3125,23.6394,29.9359,37.2992,45.8280,55.6214,66.7758,79.3832,93.5274,109.2814,126.7041,145.8381,166.7066,189.3117,213.6328,239.6247,267.2178,296.3178,326.8064,358.5420,391.3621,425.0847,459.5113,494.4299,529.6169,564.8421,599.8702,634.4670,668.3996,701.4395,733.3702,763.9865,793.0986,820.5346,846.1436,869.7978,891.3951,910.8605,928.1490,943.2461,956.1689,966.9719,975.7412,982.5986,987.7058,991.2581,993.4897,994.6728,995.1184,995.1766}
};
float winch_sc_angle5[4][61]=
{{0.0000,-0.0706,-0.6291,-2.1163,-4.9243,-9.3974,-15.8338,-24.4861,-35.5629,-49.2298,-65.6107,-84.7891,-106.8099,-131.6808,-159.3737,-189.8274,-222.9486,-258.6146,-296.6753,-336.9556,-379.2578,-423.3641,-469.0394,-516.0361,-564.0887,-612.9307,-662.2841,-711.8738,-761.4226,-810.6582,-859.3157,-907.1405,-953.8916,-999.3439,-1043.2933,-1085.5537,-1125.9655,-1164.3904,-1200.7162,-1234.8564,-1266.7493,-1296.3581,-1323.6692,-1348.6904,-1371.4494,-1391.9915,-1410.3768,-1426.6789,-1440.9819,-1453.3792,-1463.9722,-1472.8691,-1480.1851,-1486.0425,-1490.5719,-1493.9136,-1496.2202,-1497.6585,-1498.4129,-1498.6877,-1498.7103},
{0.0000,-0.0134,-0.0954,-0.3074,-0.7024,-1.3227,-2.1985,-3.3460,-4.7658,-6.4416,-8.3391,-10.4059,-12.5712,-14.7469,-16.8288,-18.6978,-20.2232,-21.2646,-21.6758,-21.3078,-20.0133,-17.6501,-14.0851,-9.2004,-2.8902,4.9247,14.3073,25.2873,37.8714,52.0371,67.7328,84.8788,103.3682,123.0685,143.8256,165.4638,187.7922,210.6060,233.6921,256.8321,279.8069,302.4004,324.4035,345.6176,365.8585,384.9590,402.7723,419.1746,434.0671,447.3784,459.0659,469.1174,477.5517,484.4197,489.8050,493.8234,496.6233,498.3855,499.3225,499.6788,499.7300},
{0.0000,0.0566,0.5483,1.8681,4.3670,8.3570,14.1131,21.8765,31.8565,44.2329,59.1579,76.7574,97.1323,120.3592,146.4908,175.5564,207.5614,242.4877,280.2933,320.9122,364.2545,410.2069,458.6324,509.3736,562.2453,617.0491,673.5618,731.5483,790.7549,850.9154,911.7527,972.9811,1034.3090,1095.4406,1156.0816,1215.9366,1274.7174,1332.1408,1387.9339,1441.8358,1493.6006,1542.9993,1589.8226,1633.8831,1675.0176,1713.0895,1747.9909,1779.6448,1808.0072,1833.0690,1854.8583,1873.4422,1888.9284,1901.4677,1911.2552,1918.5321,1923.5879,1926.7615,1928.4432,1929.0761,1929.1582},
{0.0000,-0.0218,-0.1778,-0.5888,-1.3609,-2.5844,-4.3327,-6.6614,-9.6068,-13.1856,-17.3942,-22.2088,-27.5855,-33.4611,-39.7543,-46.3671,-53.1869,-60.0887,-66.9380,-73.5932,-79.9092,-85.7405,-90.9446,-95.3842,-98.9356,-101.4829,-102.9317,-103.1997,-102.2289,-99.9827,-96.4475,-91.6338,-85.5758,-78.3309,-69.9793,-60.6204,-50.3729,-39.3703,-27.7590,-15.6950,-3.3405,9.1396,21.5811,33.8238,45.7151,57.1127,67.8875,77.9266,87.1352,95.4384,102.7832,109.1394,114.5007,118.8848,122.3339,124.9143,126.7159,127.8518,128.4571,128.6885,128.7236}
};
float winch_sc_angle6[4][61]=
{{0.0000,0.0042,0.0648,0.2325,0.5526,1.0653,1.8063,2.8068,4.0941,5.6918,7.6201,9.8962,12.5341,15.5452,18.9380,22.7184,26.8899,31.4530,36.4059,41.7438,47.4592,53.5419,59.9786,66.7534,73.8472,81.2379,88.9007,96.8078,104.9287,113.2303,121.6771,130.2315,138.8537,147.5028,156.1361,164.7104,173.1820,181.5071,189.6424,197.5456,205.1758,212.4942,219.4642,226.0516,232.2288,237.9666,243.2469,248.0503,252.3666,256.1891,259.5201,262.3685,264.7430,266.6690,268.1737,269.2931,270.0703,270.5574,270.8143,270.9093,270.9191},
{0.0000,-0.0088,-0.0616,-0.1979,-0.4534,-0.8587,-1.4405,-2.2208,-3.2175,-4.4439,-5.9095,-7.6194,-9.5749,-11.7735,-14.2093,-16.8729,-19.7520,-22.8317,-26.0945,-29.5209,-33.0900,-36.7792,-40.5651,-44.4238,-48.3310,-52.2627,-56.1953,-60.1057,-63.9722,-67.7740,-71.4922,-75.1091,-78.6091,-81.9785,-85.2055,-88.2802,-91.1949,-93.9436,-96.5224,-98.9289,-101.1626,-103.2242,-105.1161,-106.8413,-108.4046,-109.8107,-111.0658,-112.1762,-113.1486,-113.9901,-114.7086,-115.3120,-115.8078,-116.2050,-116.5125,-116.7399,-116.8974,-116.9965,-117.0496,-117.0705,-117.0746},
{0.0000,-0.0228,-0.1979,-0.6628,-1.5402,-2.9381,-4.9505,-7.6579,-11.1279,-15.4154,-20.5637,-26.6045,-33.5586,-41.4364,-50.2389,-59.9573,-70.5746,-82.0654,-94.3969,-107.5291,-121.4157,-136.0046,-151.2382,-167.0544,-183.3867,-200.1654,-217.3173,-234.7670,-252.4373,-270.2495,-288.1241,-305.9814,-323.7422,-341.3278,-358.6611,-375.6668,-392.2720,-408.4068,-424.0046,-439.0027,-453.3430,-466.9720,-479.8418,-491.9096,-503.1413,-513.5057,-522.9834,-531.5585,-539.2260,-545.9880,-551.8581,-556.8595,-561.0205,-564.3876,-567.0139,-568.9657,-570.3209,-571.1713,-571.6218,-571.7912,-571.8131},
{0.0000,-0.0160,-0.1314,-0.4361,-1.0102,-1.9242,-3.2390,-5.0067,-7.2703,-10.0646,-13.4160,-17.3429,-21.8564,-26.9603,-32.6516,-38.9208,-45.7528,-53.1264,-61.0159,-69.3906,-78.2157,-87.4530,-97.0609,-106.9952,-117.2095,-127.6555,-138.2840,-149.0447,-159.8871,-170.7607,-181.6154,-192.4021,-203.0729,-213.5812,-223.8825,-233.9343,-243.6966,-253.1317,-262.2051,-270.8850,-279.1429,-286.9534,-294.2949,-301.1492,-307.5013,-313.3409,-318.6608,-323.4587,-327.7358,-331.4984,-334.7568,-337.5262,-339.8278,-341.6870,-343.1356,-344.2111,-344.9578,-345.4264,-345.6750,-345.7689,-345.7817}
};
float winch_sc_angle7[4][61]=
{{0.0000,0.0505,0.5100,1.7476,4.0940,7.8435,13.2579,20.5688,29.9803,41.6718,55.7995,72.4979,91.8810,114.0421,139.0544,166.9701,197.8200,231.6124,268.3324,307.9407,350.3728,395.5391,443.3223,493.5841,546.1576,600.8514,657.4528,715.7270,775.4205,836.2632,897.9707,960.2445,1022.7827,1085.2715,1147.3981,1208.8490,1269.3139,1328.4889,1386.0791,1441.8023,1495.3909,1546.5953,1595.1865,1640.9586,1683.7317,1723.3539,1759.7040,1792.6939,1822.2708,1848.4193,1871.1633,1890.5687,1906.7445,1919.8454,1930.0733,1937.6788,1942.9635,1946.2809,1948.0388,1948.7004,1948.7863},
{0.0000,-0.0263,-0.2021,-0.6623,-1.5249,-2.8900,-4.8376,-7.4269,-10.6943,-14.6525,-19.2899,-24.5701,-30.4325,-36.7927,-43.5444,-50.5606,-57.6967,-64.7932,-71.6786,-78.1741,-84.0968,-89.2648,-93.5006,-96.6374,-98.5218,-99.0182,-98.0135,-95.4197,-91.1768,-85.2546,-77.6543,-68.4094,-57.5831,-45.2703,-31.5928,-16.6983,-0.7566,16.0441,33.5015,51.4031,69.5308,87.6658,105.5924,123.1028,140.0006,156.1050,171.2539,185.3072,198.1492,209.6909,219.8720,228.6621,236.0616,242.1028,246.8493,250.3967,252.8712,254.4299,255.2594,255.5752,255.6212},
{0.0000,-0.0823,-0.7276,-2.4448,-5.6865,-10.8507,-18.2826,-28.2755,-41.0725,-56.8684,-75.8106,-98.0014,-123.4994,-152.3217,-184.4452,-219.8093,-258.3178,-299.8410,-344.2182,-391.2601,-440.7512,-492.4526,-546.1033,-601.4286,-658.1356,-715.9195,-774.4684,-833.4643,-892.5877,-951.5212,-1009.9530,-1067.5765,-1124.1042,-1179.2566,-1232.7777,-1284.4318,-1334.0073,-1381.3192,-1426.2103,-1468.5527,-1508.2477,-1545.2262,-1579.4478,-1610.8992,-1639.5925,-1665.5634,-1688.8680,-1709.5813,-1727.7939,-1743.6106,-1757.1485,-1768.5357,-1777.9114,-1785.4259,-1791.2418,-1795.5360,-1798.5020,-1800.3529,-1801.3251,-1801.6810,-1801.7129},
{0.0000,-0.0275,-0.2167,-0.7136,-1.6462,-3.1235,-5.2342,-8.0450,-11.5997,-15.9184,-20.9964,-26.8044,-33.2887,-40.3722,-47.9554,-55.9185,-64.1238,-72.4179,-80.6357,-88.6033,-96.1422,-103.0734,-109.2218,-114.4191,-118.5100,-121.3554,-122.8352,-122.8530,-121.3376,-118.2461,-113.5646,-107.3084,-99.5241,-90.2857,-79.6954,-67.8802,-54.9891,-41.1902,-26.6663,-11.6116,3.7731,19.2846,34.7210,49.8867,64.5956,78.6750,91.9692,104.3422,115.6806,125.8954,134.9244,142.7331,149.3159,154.6964,158.9278,162.0924,164.3013,165.6934,166.4348,166.7176,166.7597}
};
float winch_sc_angle1[4][61]=
{{0.0000,-0.0556,-0.5019,-1.6919,-3.9398,-7.5226,-12.6809,-19.6205,-28.5136,-39.5000,-52.6885,-68.1582,-85.9597,-106.1166,-128.6270,-153.4647,-180.5808,-209.9050,-241.3473,-274.7995,-310.1364,-347.2178,-385.8900,-425.9870,-467.3325,-509.7415,-553.0215,-596.9746,-641.3996,-686.0911,-730.8426,-775.4538,-819.7215,-863.4459,-906.4359,-948.5050,-989.4752,-1029.1777,-1067.4544,-1104.1587,-1139.1570,-1172.3290,-1203.5694,-1232.7879,-1259.9109,-1284.8814,-1307.6605,-1328.2275,-1346.5812,-1362.7402,-1376.7443,-1388.6550,-1398.5569,-1406.5585,-1412.7937,-1417.4233,-1420.6358,-1422.6497,-1423.7144,-1424.1122,-1424.1595},
{0.0000,-0.0323,-0.2603,-0.8613,-1.9923,-3.7909,-6.3748,-9.8425,-14.2730,-19.7262,-26.2435,-33.8478,-42.5446,-52.3223,-63.1533,-74.9954,-87.7920,-101.4746,-115.9630,-131.1677,-146.9911,-163.3291,-180.0728,-197.1105,-214.3289,-231.6151,-248.8583,-265.9510,-282.7907,-299.2815,-315.3348,-330.8700,-345.8164,-360.1131,-373.7092,-386.5647,-398.6497,-409.9447,-420.4401,-430.1351,-439.0378,-447.1633,-454.5335,-461.1756,-467.1215,-472.4061,-477.0667,-481.1420,-484.6714,-487.6944,-490.2498,-492.3758,-494.1099,-495.4890,-496.5500,-497.3300,-497.8675,-498.2030,-498.3801,-498.4466,-498.4552},
{0.0000,-0.0022,0.0511,0.2095,0.5177,1.0166,1.7441,2.7358,4.0265,5.6498,7.6396,10.0302,12.8562,16.1528,19.9553,24.2992,29.2190,34.7483,40.9181,47.7567,55.2883,63.5321,72.5017,82.2037,92.6373,103.7934,115.6541,128.1922,141.3719,155.1458,169.4574,184.2454,199.4358,214.9464,230.6907,246.5749,262.5005,278.3659,294.0676,309.5015,324.5646,339.1564,353.1809,366.5477,379.1737,390.9848,401.9168,411.9173,420.9465,428.9784,436.0020,442.0217,447.0583,451.1498,454.3512,456.7354,458.3932,459.4333,459.9829,460.1871,460.2096},
{0.0000,-0.0255,-0.1904,-0.6210,-1.4289,-2.7116,-4.5516,-7.0168,-10.1602,-14.0197,-18.6186,-23.9657,-30.0556,-36.8695,-44.3759,-52.5311,-61.2812,-70.5623,-80.3023,-90.4225,-100.8385,-111.4625,-122.2044,-132.9735,-143.6801,-154.2373,-164.5621,-174.5770,-184.2110,-193.4009,-202.0919,-210.2392,-217.8073,-224.7705,-231.1139,-236.8323,-241.9300,-246.4205,-250.3253,-253.6735,-256.5004,-258.8462,-260.7551,-262.2741,-263.4512,-264.3346,-264.9715,-265.4068,-265.6824,-265.8363,-265.9022,-265.9085,-265.8789,-265.8319,-265.7809,-265.7351,-265.6995,-265.6758,-265.6632,-265.6592,-265.6597}
};
float winch_sc_angle2[4][61]=
{{0.0000,0.0031,0.0425,0.1511,0.3582,0.6902,1.1709,1.8217,2.6623,3.7106,4.9831,6.4952,8.2612,10.2944,12.6070,15.2102,18.1140,21.3270,24.8562,28.7069,32.8799,37.3793,42.2038,47.3471,52.8007,58.5569,64.5998,70.9119,77.4723,84.2566,91.2370,98.3827,105.6599,113.0319,120.4600,127.9036,135.3203,142.6670,149.9003,156.9768,163.8541,170.4897,176.8455,182.8843,188.5723,193.8793,198.7817,203.2571,207.2910,210.8741,214.0035,216.6828,218.9227,220.7410,222.1630,223.2217,223.9576,224.4193,224.6636,224.7549,224.7657},
{0.0000,0.0111,0.1188,0.4104,0.9635,1.8470,3.1215,4.8394,7.0458,9.7790,13.0703,16.9453,21.4232,26.5181,32.2385,38.5878,45.5645,53.1623,61.3703,70.1729,79.5504,89.4779,99.9269,110.8647,122.2546,134.0559,146.2243,158.7122,171.4686,184.4398,197.5695,210.7991,224.0683,237.3155,250.4784,263.4941,276.3001,288.8347,301.0373,312.8499,324.2166,335.0845,345.4054,355.1348,364.2337,372.6684,380.4131,387.4464,393.7562,399.3379,404.1955,408.3417,411.7992,414.6000,416.7869,418.4129,419.5423,420.2506,420.6250,420.7647,420.7810},
{0.0000,-0.0109,-0.0970,-0.3266,-0.7599,-1.4500,-2.4427,-3.7764,-5.4828,-7.5864,-10.1052,-13.0506,-16.4281,-20.2370,-24.4711,-29.1190,-34.1644,-39.5868,-45.3614,-51.4603,-57.8507,-64.5013,-71.3768,-78.4387,-85.6483,-92.9689,-100.3603,-107.7840,-115.2022,-122.5782,-129.8765,-137.0635,-144.1077,-150.9795,-157.6519,-164.1003,-170.3026,-176.2396,-181.8945,-187.2534,-192.3048,-197.0390,-201.4503,-205.5342,-209.2886,-212.7134,-215.8123,-218.5882,-221.0480,-223.2000,-225.0546,-226.6243,-227.9239,-228.9704,-229.7836,-230.3859,-230.8029,-231.0638,-231.2014,-231.2525,-231.2580},
{0.0000,-0.0209,-0.1937,-0.6558,-1.5291,-2.9213,-4.9257,-7.6218,-11.0760,-15.3418,-20.4603,-26.4610,-33.3619,-41.1704,-49.8835,-59.4889,-69.9651,-81.2824,-93.4032,-106.2830,-119.8713,-134.1107,-148.9399,-164.2929,-180.1002,-196.2890,-212.7846,-229.5106,-246.3893,-263.3431,-280.2942,-297.1661,-313.8832,-330.3723,-346.5624,-362.3853,-377.7763,-392.6743,-407.0223,-420.7681,-433.8639,-446.2666,-457.9394,-468.8503,-478.9736,-488.2891,-496.7848,-504.4528,-511.2939,-517.3157,-522.5336,-526.9709,-530.6593,-533.6396,-535.9616,-537.6853,-538.8811,-539.6302,-540.0259,-540.1732,-540.1898}
};
float winch_sc_angle3[4][61]=
{{0.0000,-0.0192,-0.1392,-0.4516,-1.0376,-1.9686,-3.3063,-5.1029,-7.4009,-10.2342,-13.6274,-17.5970,-22.1508,-27.2892,-33.0050,-39.2840,-46.1059,-53.4440,-61.2665,-69.5370,-78.2147,-87.2552,-96.6116,-106.2342,-116.0720,-126.0730,-136.1845,-146.3542,-156.5304,-166.6624,-176.7015,-186.6010,-196.3167,-205.8073,-215.0342,-223.9626,-232.5606,-240.8003,-248.6572,-256.1103,-263.1426,-269.7400,-275.8926,-281.5930,-286.8377,-291.6260,-295.9603,-299.8458,-303.2908,-306.3064,-308.9066,-311.1086,-312.9326,-314.4025,-315.5457,-316.3937,-316.9823,-317.3523,-317.5495,-317.6257,-317.6384},
{0.0000,-0.0111,-0.0716,-0.2264,-0.5154,-0.9734,-1.6303,-2.5110,-3.6354,-5.0185,-6.6706,-8.5973,-10.7997,-13.2746,-16.0148,-19.0093,-22.2437,-25.7005,-29.3595,-33.1982,-37.1922,-41.3158,-45.5420,-49.8435,-54.1925,-58.5616,-62.9240,-67.2538,-71.5265,-75.7187,-79.8094,-83.7792,-87.6110,-91.2900,-94.8036,-98.1416,-101.2961,-104.2616,-107.0346,-109.6137,-111.9992,-114.1932,-116.1995,-118.0225,-119.6685,-121.1441,-122.4567,-123.6142,-124.6250,-125.4974,-126.2404,-126.8627,-127.3734,-127.7819,-128.0978,-128.3314,-128.4934,-128.5956,-128.6508,-128.6731,-128.6784},
{0.0000,-0.0216,-0.1764,-0.5850,-1.3545,-2.5795,-4.3419,-6.7115,-9.7464,-13.4936,-17.9888,-23.2577,-29.3158,-36.1690,-43.8144,-52.2407,-61.4283,-71.3507,-81.9743,-93.2596,-105.1611,-117.6288,-130.6082,-144.0408,-157.8655,-172.0181,-186.4331,-201.0432,-215.7806,-230.5773,-245.3657,-260.0788,-274.6511,-289.0187,-303.1203,-316.8969,-330.2925,-343.2545,-355.7338,-367.6855,-379.0684,-389.8462,-399.9868,-409.4635,-418.2541,-426.3420,-433.7163,-440.3716,-446.3085,-451.5341,-456.0619,-459.9123,-463.1131,-465.6997,-467.7157,-469.2129,-470.2525,-470.9051,-471.2513,-471.3823,-471.4005},
{0.0000,-0.0315,-0.2632,-0.8762,-2.0318,-3.8723,-6.5215,-10.0855,-14.6536,-20.2987,-27.0781,-35.0343,-44.1956,-54.5768,-66.1800,-78.9953,-93.0015,-108.1668,-124.4492,-141.7978,-160.1533,-179.4483,-199.6086,-220.5535,-242.1968,-264.4472,-287.2095,-310.3847,-333.8711,-357.5651,-381.3616,-405.1547,-428.8388,-452.3089,-475.4616,-498.1955,-520.4124,-542.0173,-562.9197,-583.0341,-602.2806,-620.5858,-637.8831,-654.1141,-669.2283,-683.1850,-695.9529,-707.5113,-717.8511,-726.9746,-734.8972,-741.6473,-747.2676,-751.8154,-755.3634,-758.0004,-759.8323,-760.9824,-761.5923,-761.8227,-761.8539}
};
float winch_sc_angle4[4][61]=
{{0.0000,0.0128,0.1783,0.6349,1.5070,2.9086,4.9446,7.7140,11.3114,15.8292,21.3584,27.9924,35.8201,44.9340,55.4242,67.3790,80.8825,96.0130,112.8399,131.4217,151.8038,174.0157,198.0684,223.9533,251.6401,281.0754,312.1829,344.8627,378.9920,414.4256,450.9982,488.5252,526.8058,565.6250,604.7563,643.9664,683.0152,721.6621,759.6655,796.7903,832.8107,867.5082,900.6793,932.1366,961.7122,989.2595,1014.6560,1037.8053,1058.6392,1077.1196,1093.2401,1107.0294,1118.5462,1127.8890,1135.1939,1140.6297,1144.4094,1146.7830,1148.0410,1148.5143,1148.5754},
{0.0000,-0.0634,-0.5443,-1.8193,-4.2240,-8.0522,-13.5578,-20.9548,-30.4187,-42.0864,-56.0587,-72.3981,-91.1362,-112.2684,-135.7595,-161.5437,-189.5277,-219.5913,-251.5909,-285.3614,-320.7181,-357.4601,-395.3725,-434.2297,-473.7978,-513.8384,-554.1109,-594.3760,-634.3989,-673.9518,-712.8173,-750.7910,-787.6835,-823.3236,-857.5592,-890.2586,-921.3130,-950.6348,-978.1607,-1003.8483,-1027.6746,-1049.6390,-1069.7584,-1088.0656,-1104.6074,-1119.4427,-1132.6397,-1144.2741,-1154.4274,-1163.1849,-1170.6349,-1176.8663,-1181.9744,-1186.0531,-1189.1991,-1191.5180,-1193.1175,-1194.1153,-1194.6400,-1194.8335,-1194.8530},
{0.0000,-0.0695,-0.6008,-2.0119,-4.6737,-8.9129,-15.0115,-23.2090,-33.7026,-46.6491,-62.1654,-80.3320,-101.1892,-124.7449,-150.9722,-179.8128,-211.1786,-244.9534,-280.9953,-319.1388,-359.1975,-400.9662,-444.2238,-488.7356,-534.2565,-580.5335,-627.3089,-674.3232,-721.3178,-768.0387,-814.2385,-859.6800,-904.1382,-947.4036,-989.2833,-1029.6049,-1068.2153,-1104.9845,-1139.8027,-1172.5850,-1203.2713,-1231.8195,-1258.2100,-1282.4430,-1304.5364,-1324.5246,-1342.4562,-1358.3923,-1372.4052,-1384.5766,-1394.9968,-1403.7666,-1410.9884,-1416.7786,-1421.2639,-1424.5753,-1426.8640,-1428.2940,-1429.0471,-1429.3257,-1429.3550},
{0.0000,0.0051,0.1073,0.3937,0.9444,1.8337,3.1328,4.9122,7.2434,10.2007,13.8633,18.3125,23.6394,29.9359,37.2992,45.8280,55.6214,66.7758,79.3832,93.5274,109.2814,126.7041,145.8381,166.7066,189.3117,213.6328,239.6247,267.2178,296.3178,326.8064,358.5420,391.3621,425.0847,459.5113,494.4299,529.6169,564.8421,599.8702,634.4670,668.3996,701.4395,733.3702,763.9865,793.0986,820.5346,846.1436,869.7978,891.3951,910.8605,928.1490,943.2461,956.1689,966.9719,975.7412,982.5986,987.7058,991.2581,993.4897,994.6728,995.1184,995.1766}
};
float winch_sc_angle5[4][61]=
{{0.0000,-0.0706,-0.6291,-2.1163,-4.9243,-9.3974,-15.8338,-24.4861,-35.5629,-49.2298,-65.6107,-84.7891,-106.8099,-131.6808,-159.3737,-189.8274,-222.9486,-258.6146,-296.6753,-336.9556,-379.2578,-423.3641,-469.0394,-516.0361,-564.0887,-612.9307,-662.2841,-711.8738,-761.4226,-810.6582,-859.3157,-907.1405,-953.8916,-999.3439,-1043.2933,-1085.5537,-1125.9655,-1164.3904,-1200.7162,-1234.8564,-1266.7493,-1296.3581,-1323.6692,-1348.6904,-1371.4494,-1391.9915,-1410.3768,-1426.6789,-1440.9819,-1453.3792,-1463.9722,-1472.8691,-1480.1851,-1486.0425,-1490.5719,-1493.9136,-1496.2202,-1497.6585,-1498.4129,-1498.6877,-1498.7103},
{0.0000,-0.0134,-0.0954,-0.3074,-0.7024,-1.3227,-2.1985,-3.3460,-4.7658,-6.4416,-8.3391,-10.4059,-12.5712,-14.7469,-16.8288,-18.6978,-20.2232,-21.2646,-21.6758,-21.3078,-20.0133,-17.6501,-14.0851,-9.2004,-2.8902,4.9247,14.3073,25.2873,37.8714,52.0371,67.7328,84.8788,103.3682,123.0685,143.8256,165.4638,187.7922,210.6060,233.6921,256.8321,279.8069,302.4004,324.4035,345.6176,365.8585,384.9590,402.7723,419.1746,434.0671,447.3784,459.0659,469.1174,477.5517,484.4197,489.8050,493.8234,496.6233,498.3855,499.3225,499.6788,499.7300},
{0.0000,0.0566,0.5483,1.8681,4.3670,8.3570,14.1131,21.8765,31.8565,44.2329,59.1579,76.7574,97.1323,120.3592,146.4908,175.5564,207.5614,242.4877,280.2933,320.9122,364.2545,410.2069,458.6324,509.3736,562.2453,617.0491,673.5618,731.5483,790.7549,850.9154,911.7527,972.9811,1034.3090,1095.4406,1156.0816,1215.9366,1274.7174,1332.1408,1387.9339,1441.8358,1493.6006,1542.9993,1589.8226,1633.8831,1675.0176,1713.0895,1747.9909,1779.6448,1808.0072,1833.0690,1854.8583,1873.4422,1888.9284,1901.4677,1911.2552,1918.5321,1923.5879,1926.7615,1928.4432,1929.0761,1929.1582},
{0.0000,-0.0218,-0.1778,-0.5888,-1.3609,-2.5844,-4.3327,-6.6614,-9.6068,-13.1856,-17.3942,-22.2088,-27.5855,-33.4611,-39.7543,-46.3671,-53.1869,-60.0887,-66.9380,-73.5932,-79.9092,-85.7405,-90.9446,-95.3842,-98.9356,-101.4829,-102.9317,-103.1997,-102.2289,-99.9827,-96.4475,-91.6338,-85.5758,-78.3309,-69.9793,-60.6204,-50.3729,-39.3703,-27.7590,-15.6950,-3.3405,9.1396,21.5811,33.8238,45.7151,57.1127,67.8875,77.9266,87.1352,95.4384,102.7832,109.1394,114.5007,118.8848,122.3339,124.9143,126.7159,127.8518,128.4571,128.6885,128.7236}
};
